4.0	0.01114773966813226	0.01114773966813226	0.01114773966813226	0.01114773966813226
4.1	0.011147739668132258	0.011147739668132258	0.011147739668132258	0.011147739668132258
4.2	0.01114773966813226	0.01114773966813226	0.01114773966813226	0.01114773966813226
4.3	0.011147739668132258	0.011147739668132258	0.011147739668132258	0.011147739668132258
4.4	0.01114773966813226	0.01114773966813226	0.01114773966813226	0.01114773966813226
4.5	0.011147739668132258	0.011147739668132258	0.011147739668132258	0.011147739668132258
4.6	0.01114773966813226	0.01114773966813226	0.01114773966813226	0.01114773966813226
4.7	0.011147739668132258	0.011147739668132258	0.011147739668132258	0.011147739668132258
4.8	0.01114773966813226	0.01114773966813226	0.01114773966813226	0.01114773966813226
4.9	0.011147739668132258	0.011147739668132258	0.011147739668132258	0.011147739668132258
5.0	0.01114773966813226	0.01114773966813226	0.01114773966813226	0.01114773966813226
5.1	0.011147739668132258	0.011147739668132258	0.011147739668132258	0.011147739668132258
5.2	0.01114773966813226	0.01114773966813226	0.01114773966813226	0.01114773966813226
5.3	0.011147739668132258	0.011147739668132258	0.011147739668132258	0.011147739668132258
5.4	0.01114773966813226	0.01114773966813226	0.01114773966813226	0.01114773966813226
5.5	0.011147739668132258	0.011147739668132258	0.011147739668132258	0.011147739668132258
5.6	0.007435139266514956	0.007435139266514956	0.007435139266514956	0.007435139266514956
5.7	0.007191204887126242	0.007191204887126242	0.007191204887126242	0.007191204887126242
5.8	0.006011347758332601	0.006011347758332601	0.006011347758332601	0.006011347758332601
5.9	0.0056244520263460706	0.0056244520263460706	0.0056244520263460706	0.0056244520263460706
6.0	0.004138191574959968	0.004138191574959968	0.004138191574959968	0.004138191574959968
6.1	0.0032640759963173233	0.0032640759963173233	0.0032640759963173233	0.0032640759963173233
6.2	0.002963032052712706	0.002963032052712706	0.002963032052712706	0.002963032052712706
6.300000000000001	0.0022752691168563626	0.0022752691168563626	0.0022752691168563626	0.0022752691168563626
6.4	0.001978582863057671	0.001978582863057671	0.001978582863057671	0.001978582863057671
6.5	0.0017781160909192387	0.0017781160909192387	0.0017781160909192387	0.0017781160909192387
6.6	0.0015371242450341667	0.0015371242450341667	0.0015371242450341667	0.0015371242450341667
6.7	0.0013152634580382036	0.0013152634580382036	0.0013152634580382036	0.0013152634580382036
6.800000000000001	0.0012844131100725644	0.0012844131100725644	0.0012844131100725644	0.0012844131100725644
6.9	0.0011632369911104255	0.0011632369911104255	0.0011632369911104255	0.0011632369911104255
7.0	0.0010581956292277231	0.0010581956292277231	0.0010581956292277231	0.0010581956292277231
7.1	0.0010088850857759137	0.0010088850857759137	0.0010088850857759137	0.0010088850857759137
7.2	0.000927132764179474	0.000927132764179474	0.000927132764179474	0.000927132764179474
7.300000000000001	0.0008187625343697763	0.0008187625343697763	0.0008187625343697763	0.0008187625343697763
7.4	0.0007470260574482179	0.0007470260574482179	0.0007470260574482179	0.0007470260574482179
7.5	0.0006030774990277825	0.0006030774990277825	0.0006030774990277825	0.0006030774990277825
7.6	0.00048784160075023307	0.00048784160075023307	0.00048784160075023307	0.00048784160075023307
7.7	0.0003956831422584148	0.0003956831422584148	0.0003956831422584148	0.0003956831422584148
7.800000000000001	0.00030574481889756336	0.00030574481889756336	0.00030574481889756336	0.00030574481889756336
7.9	0.00021792805503675628	0.00021792805503675628	0.00021792805503675628	0.00021792805503675628
8.0	0.00015775891808918576	0.00015775891808918576	0.00015775891808918576	0.00015775891808918576
8.100000000000001	7.175629026260185e-05	7.175629026260185e-05	7.175629026260185e-05	7.175629026260185e-05
8.2	0.0	0.0	0.0	0.0
8.3	0.0	0.0	0.0	0.0
8.4	0.0	0.0	0.0	0.0
8.5	0.0	0.0	0.0	0.0
8.600000000000001	0.0	0.0	0.0	0.0
8.7	0.0	0.0	0.0	0.0
8.8	0.0	0.0	0.0	0.0
8.9	0.0	0.0	0.0	0.0
9.0	0.0	0.0	0.0	0.0
9.100000000000001	0.0	0.0	0.0	0.0
9.2	0.0	0.0	0.0	0.0
9.3	0.0	0.0	0.0	0.0
9.4	0.0	0.0	0.0	0.0
9.5	0.0	0.0	0.0	0.0
9.600000000000001	0.0	0.0	0.0	0.0
9.7	0.0	0.0	0.0	0.0
9.8	0.0	0.0	0.0	0.0
9.9	0.0	0.0	0.0	0.0
