4.0	0.001214269921057158	0.001214269921057158	0.001214269921057158	0.001214269921057158
4.1	0.001214269921057158	0.001214269921057158	0.001214269921057158	0.001214269921057158
4.2	0.001214269921057158	0.001214269921057158	0.001214269921057158	0.001214269921057158
4.3	0.001214269921057158	0.001214269921057158	0.001214269921057158	0.001214269921057158
4.4	0.001214269921057158	0.001214269921057158	0.001214269921057158	0.001214269921057158
4.5	0.001214269921057158	0.001214269921057158	0.001214269921057158	0.001214269921057158
4.6	0.001214269921057158	0.001214269921057158	0.001214269921057158	0.001214269921057158
4.7	0.001214269921057158	0.001214269921057158	0.001214269921057158	0.001214269921057158
4.8	0.001214269921057158	0.001214269921057158	0.001214269921057158	0.001214269921057158
4.9	0.001214269921057158	0.001214269921057158	0.001214269921057158	0.001214269921057158
5.0	0.001214269921057158	0.001214269921057158	0.001214269921057158	0.001214269921057158
5.1	0.001214269921057158	0.001214269921057158	0.001214269921057158	0.001214269921057158
5.2	0.001214269921057158	0.001214269921057158	0.001214269921057158	0.001214269921057158
5.3	0.001214269921057158	0.001214269921057158	0.001214269921057158	0.001214269921057158
5.4	0.001214269921057158	0.001214269921057158	0.001214269921057158	0.001214269921057158
5.5	0.001214269921057158	0.001214269921057158	0.001214269921057158	0.001214269921057158
5.6	0.001214269921057158	0.001214269921057158	0.001214269921057158	0.001214269921057158
5.7	0.001214269921057158	0.001214269921057158	0.001214269921057158	0.001214269921057158
5.8	0.001214269921057158	0.001214269921057158	0.001214269921057158	0.001214269921057158
5.9	0.001214269921057158	0.001214269921057158	0.001214269921057158	0.001214269921057158
6.0	0.0009626690540768144	0.0009626690540768144	0.0009626690540768144	0.0009626690540768144
6.1	0.0008513441958729836	0.0008513441958729836	0.0008513441958729836	0.0008513441958729836
6.2	0.0008513441958729836	0.0008513441958729836	0.0008513441958729836	0.0008513441958729836
6.300000000000001	0.0006895398624933164	0.0006895398624933164	0.0006895398624933164	0.0006895398624933164
6.4	0.0004920421112670724	0.0004920421112670724	0.0004920421112670724	0.0004920421112670724
6.5	0.0004920421112670724	0.0004920421112670724	0.0004920421112670724	0.0004920421112670724
6.6	0.0004484894365698099	0.0004484894365698099	0.0004484894365698099	0.0004484894365698099
6.7	0.0004274669826262321	0.0004274669826262321	0.0004274669826262321	0.0004274669826262321
6.800000000000001	0.00038480307737217054	0.00038480307737217054	0.00038480307737217054	0.00038480307737217054
6.9	0.0003581114073475398	0.0003581114073475398	0.0003581114073475398	0.0003581114073475398
7.0	0.0003060456785331307	0.0003060456785331307	0.0003060456785331307	0.0003060456785331307
7.1	0.00027797404368811455	0.00027797404368811455	0.00027797404368811455	0.00027797404368811455
7.2	0.0002557611213843271	0.0002557611213843271	0.0002557611213843271	0.0002557611213843271
7.300000000000001	0.00021167702705624276	0.00021167702705624276	0.00021167702705624276	0.00021167702705624276
7.4	0.000157079083249148	0.000157079083249148	0.000157079083249148	0.000157079083249148
7.5	0.00012085806342383731	0.00012085806342383731	0.00012085806342383731	0.00012085806342383731
7.6	9.680954301144772e-05	9.680954301144772e-05	9.680954301144772e-05	9.680954301144772e-05
7.7	6.851356070329843e-05	6.851356070329843e-05	6.851356070329843e-05	6.851356070329843e-05
7.800000000000001	3.349165642813576e-05	3.349165642813576e-05	3.349165642813576e-05	3.349165642813576e-05
7.9	2.7463256612975357e-05	2.7463256612975357e-05	2.7463256612975357e-05	2.7463256612975357e-05
8.0	1.1027635278802392e-05	1.1027635278802392e-05	1.1027635278802392e-05	1.1027635278802392e-05
8.100000000000001	0.0	0.0	0.0	0.0
8.2	0.0	0.0	0.0	0.0
8.3	0.0	0.0	0.0	0.0
8.4	0.0	0.0	0.0	0.0
8.5	0.0	0.0	0.0	0.0
8.600000000000001	0.0	0.0	0.0	0.0
8.7	0.0	0.0	0.0	0.0
8.8	0.0	0.0	0.0	0.0
8.9	0.0	0.0	0.0	0.0
9.0	0.0	0.0	0.0	0.0
9.100000000000001	0.0	0.0	0.0	0.0
9.2	0.0	0.0	0.0	0.0
9.3	0.0	0.0	0.0	0.0
9.4	0.0	0.0	0.0	0.0
9.5	0.0	0.0	0.0	0.0
9.600000000000001	0.0	0.0	0.0	0.0
9.7	0.0	0.0	0.0	0.0
9.8	0.0	0.0	0.0	0.0
9.9	0.0	0.0	0.0	0.0
