4.0	0.0006791461326673848	0.0006791461326673848	0.0006791461326673848	0.0006791461326673848
4.1	0.0006791461326673848	0.0006791461326673848	0.0006791461326673848	0.0006791461326673848
4.2	0.0006791461326673848	0.0006791461326673848	0.0006791461326673848	0.0006791461326673848
4.3	0.0006791461326673848	0.0006791461326673848	0.0006791461326673848	0.0006791461326673848
4.4	0.0006791461326673848	0.0006791461326673848	0.0006791461326673848	0.0006791461326673848
4.5	0.0006791461326673848	0.0006791461326673848	0.0006791461326673848	0.0006791461326673848
4.6	0.0006791461326673848	0.0006791461326673848	0.0006791461326673848	0.0006791461326673848
4.7	0.0006791461326673848	0.0006791461326673848	0.0006791461326673848	0.0006791461326673848
4.8	0.0006791461326673848	0.0006791461326673848	0.0006791461326673848	0.0006791461326673848
4.9	0.0006791461326673848	0.0006791461326673848	0.0006791461326673848	0.0006791461326673848
5.0	0.0006791461326673848	0.0006791461326673848	0.0006791461326673848	0.0006791461326673848
5.1	0.0006791461326673848	0.0006791461326673848	0.0006791461326673848	0.0006791461326673848
5.2	0.0006791461326673848	0.0006791461326673848	0.0006791461326673848	0.0006791461326673848
5.3	0.0006791461326673848	0.0006791461326673848	0.0006791461326673848	0.0006791461326673848
5.4	0.0006791461326673848	0.0006791461326673848	0.0006791461326673848	0.0006791461326673848
5.5	0.0006791461326673848	0.0006791461326673848	0.0006791461326673848	0.0006791461326673848
5.6	0.0005810590908931222	0.0005810590908931222	0.0005810590908931222	0.0005810590908931222
5.7	0.00041440235234880185	0.00041440235234880185	0.00041440235234880185	0.00041440235234880185
5.8	0.0004144023523488018	0.0004144023523488018	0.0004144023523488018	0.0004144023523488018
5.9	0.0004144023523488018	0.0004144023523488018	0.0004144023523488018	0.0004144023523488018
6.0	0.0004144023523488018	0.0004144023523488018	0.0004144023523488018	0.0004144023523488018
6.1	0.00038474990399640604	0.00038474990399640604	0.00038474990399640604	0.00038474990399640604
6.2	0.00034029556699176523	0.00034029556699176523	0.00034029556699176523	0.00034029556699176523
6.300000000000001	0.00032980514683175614	0.00032980514683175614	0.00032980514683175614	0.00032980514683175614
6.4	0.0002648219704556587	0.0002648219704556587	0.0002648219704556587	0.0002648219704556587
6.5	0.00023634295354958587	0.00023634295354958587	0.00023634295354958587	0.00023634295354958587
6.6	0.00022176456588471246	0.00022176456588471246	0.00022176456588471246	0.00022176456588471246
6.7	0.00022176456588471246	0.00022176456588471246	0.00022176456588471246	0.00022176456588471246
6.800000000000001	0.00019557839251264548	0.00019557839251264548	0.00019557839251264548	0.00019557839251264548
6.9	0.00018024523574627886	0.00018024523574627886	0.00018024523574627886	0.00018024523574627886
7.0	0.00016527575907095178	0.00016527575907095178	0.00016527575907095178	0.00016527575907095178
7.1	0.0001374477472418083	0.0001374477472418083	0.0001374477472418083	0.0001374477472418083
7.2	0.00012271112070807427	0.00012271112070807427	0.00012271112070807427	0.00012271112070807427
7.300000000000001	9.338998051461125e-05	9.338998051461125e-05	9.338998051461125e-05	9.338998051461125e-05
7.4	7.143002554163827e-05	7.143002554163827e-05	7.143002554163827e-05	7.143002554163827e-05
7.5	5.0471137285229305e-05	5.0471137285229305e-05	5.0471137285229305e-05	5.0471137285229305e-05
7.6	0.0	0.0	0.0	0.0
7.7	0.0	0.0	0.0	0.0
7.800000000000001	0.0	0.0	0.0	0.0
7.9	0.0	0.0	0.0	0.0
8.0	0.0	0.0	0.0	0.0
8.100000000000001	0.0	0.0	0.0	0.0
8.2	0.0	0.0	0.0	0.0
8.3	0.0	0.0	0.0	0.0
8.4	0.0	0.0	0.0	0.0
8.5	0.0	0.0	0.0	0.0
8.600000000000001	0.0	0.0	0.0	0.0
8.7	0.0	0.0	0.0	0.0
8.8	0.0	0.0	0.0	0.0
8.9	0.0	0.0	0.0	0.0
9.0	0.0	0.0	0.0	0.0
9.100000000000001	0.0	0.0	0.0	0.0
9.2	0.0	0.0	0.0	0.0
9.3	0.0	0.0	0.0	0.0
9.4	0.0	0.0	0.0	0.0
9.5	0.0	0.0	0.0	0.0
9.600000000000001	0.0	0.0	0.0	0.0
9.7	0.0	0.0	0.0	0.0
9.8	0.0	0.0	0.0	0.0
9.9	0.0	0.0	0.0	0.0
