4.0	0.005273610483573893	0.005273610483573893	0.005273610483573893	0.005273610483573893
4.1	0.005273610483573893	0.005273610483573893	0.005273610483573893	0.005273610483573893
4.2	0.005273610483573893	0.005273610483573893	0.005273610483573893	0.005273610483573893
4.3	0.005273610483573893	0.005273610483573893	0.005273610483573893	0.005273610483573893
4.4	0.005273610483573893	0.005273610483573893	0.005273610483573893	0.005273610483573893
4.5	0.005273610483573893	0.005273610483573893	0.005273610483573893	0.005273610483573893
4.6	0.005273610483573893	0.005273610483573893	0.005273610483573893	0.005273610483573893
4.7	0.005273610483573893	0.005273610483573893	0.005273610483573893	0.005273610483573893
4.8	0.005273610483573893	0.005273610483573893	0.005273610483573893	0.005273610483573893
4.9	0.005273610483573893	0.005273610483573893	0.005273610483573893	0.005273610483573893
5.0	0.005273610483573893	0.005273610483573893	0.005273610483573893	0.005273610483573893
5.1	0.005273610483573893	0.005273610483573893	0.005273610483573893	0.005273610483573893
5.2	0.005273610483573893	0.005273610483573893	0.005273610483573893	0.005273610483573893
5.3	0.005273610483573893	0.005273610483573893	0.005273610483573893	0.005273610483573893
5.4	0.005273610483573893	0.005273610483573893	0.005273610483573893	0.005273610483573893
5.5	0.005273610483573893	0.005273610483573893	0.005273610483573893	0.005273610483573893
5.6	0.0052736104735738925	0.0052736104735738925	0.0052736104735738925	0.0052736104735738925
5.7	0.0052736104735738925	0.0052736104735738925	0.0052736104735738925	0.0052736104735738925
5.8	0.004360574352113611	0.004360574352113611	0.004360574352113611	0.004360574352113611
5.9	0.004360574352113611	0.004360574352113611	0.004360574352113611	0.004360574352113611
6.0	0.003922039056193681	0.003922039056193681	0.003922039056193681	0.003922039056193681
6.1	0.0029699828754500513	0.0029699828754500513	0.0029699828754500513	0.0029699828754500513
6.2	0.0024899701969488255	0.0024899701969488255	0.0024899701969488255	0.0024899701969488255
6.300000000000001	0.002280250891124438	0.002280250891124438	0.002280250891124438	0.002280250891124438
6.4	0.0018525617965216218	0.0018525617965216218	0.0018525617965216218	0.0018525617965216218
6.5	0.0013314877993188315	0.0013314877993188315	0.0013314877993188315	0.0013314877993188315
6.6	0.001123681791104522	0.001123681791104522	0.001123681791104522	0.001123681791104522
6.7	0.0009964584590733004	0.0009964584590733004	0.0009964584590733004	0.0009964584590733004
6.800000000000001	0.0006905152477831122	0.0006905152477831122	0.0006905152477831122	0.0006905152477831122
6.9	0.0006082464473874392	0.0006082464473874392	0.0006082464473874392	0.0006082464473874392
7.0	0.0003916038663128006	0.0003916038663128006	0.0003916038663128006	0.0003916038663128006
7.1	0.00027302063874837533	0.00027302063874837533	0.00027302063874837533	0.00027302063874837533
7.2	0.00015394301740301954	0.00015394301740301954	0.00015394301740301954	0.00015394301740301954
7.300000000000001	8.320251272944097e-05	8.320251272944097e-05	8.320251272944097e-05	8.320251272944097e-05
7.4	8.320251272944097e-05	8.320251272944097e-05	8.320251272944097e-05	8.320251272944097e-05
7.5	6.033951265883564e-05	6.033951265883564e-05	6.033951265883564e-05	6.033951265883564e-05
7.6	3.221732511210124e-05	3.221732511210124e-05	3.221732511210124e-05	3.221732511210124e-05
7.7	3.221732511210124e-05	3.221732511210124e-05	3.221732511210124e-05	3.221732511210124e-05
7.800000000000001	3.221732511210124e-05	3.221732511210124e-05	3.221732511210124e-05	3.221732511210124e-05
7.9	2.3437740579321236e-05	2.3437740579321236e-05	2.3437740579321236e-05	2.3437740579321236e-05
8.0	2.2172671870177715e-05	2.2172671870177715e-05	2.2172671870177715e-05	2.2172671870177715e-05
8.100000000000001	7.972380927068415e-06	7.972380927068415e-06	7.972380927068415e-06	7.972380927068415e-06
8.2	7.972380927068415e-06	7.972380927068415e-06	7.972380927068415e-06	7.972380927068415e-06
8.3	7.972380927068415e-06	7.972380927068415e-06	7.972380927068415e-06	7.972380927068415e-06
8.4	0.0	0.0	0.0	0.0
8.5	0.0	0.0	0.0	0.0
8.600000000000001	0.0	0.0	0.0	0.0
8.7	0.0	0.0	0.0	0.0
8.8	0.0	0.0	0.0	0.0
8.9	0.0	0.0	0.0	0.0
9.0	0.0	0.0	0.0	0.0
9.100000000000001	0.0	0.0	0.0	0.0
9.2	0.0	0.0	0.0	0.0
9.3	0.0	0.0	0.0	0.0
9.4	0.0	0.0	0.0	0.0
9.5	0.0	0.0	0.0	0.0
9.600000000000001	0.0	0.0	0.0	0.0
9.7	0.0	0.0	0.0	0.0
9.8	0.0	0.0	0.0	0.0
9.9	0.0	0.0	0.0	0.0
