4.0	0.002050340576407808	0.002050340576407808	0.002050340576407808	0.002050340576407808
4.1	0.002050340576407808	0.002050340576407808	0.002050340576407808	0.002050340576407808
4.2	0.002050340576407808	0.002050340576407808	0.002050340576407808	0.002050340576407808
4.3	0.002050340576407808	0.002050340576407808	0.002050340576407808	0.002050340576407808
4.4	0.002050340576407808	0.002050340576407808	0.002050340576407808	0.002050340576407808
4.5	0.002050340576407808	0.002050340576407808	0.002050340576407808	0.002050340576407808
4.6	0.002050340576407808	0.002050340576407808	0.002050340576407808	0.002050340576407808
4.7	0.002050340576407808	0.002050340576407808	0.002050340576407808	0.002050340576407808
4.8	0.002050340576407808	0.002050340576407808	0.002050340576407808	0.002050340576407808
4.9	0.002050340576407808	0.002050340576407808	0.002050340576407808	0.002050340576407808
5.0	0.002050340576407808	0.002050340576407808	0.002050340576407808	0.002050340576407808
5.1	0.002050340576407808	0.002050340576407808	0.002050340576407808	0.002050340576407808
5.2	0.002050340576407808	0.002050340576407808	0.002050340576407808	0.002050340576407808
5.3	0.002050340576407808	0.002050340576407808	0.002050340576407808	0.002050340576407808
5.4	0.002050340576407808	0.002050340576407808	0.002050340576407808	0.002050340576407808
5.5	0.002050340576407808	0.002050340576407808	0.002050340576407808	0.002050340576407808
5.6	0.002050340576407808	0.002050340576407808	0.002050340576407808	0.002050340576407808
5.7	0.0018105722326348611	0.0018105722326348611	0.0018105722326348611	0.0018105722326348611
5.8	0.0016219689124094994	0.0016219689124094994	0.0016219689124094994	0.0016219689124094994
5.9	0.0016219689124094994	0.0016219689124094994	0.0016219689124094994	0.0016219689124094994
6.0	0.001149341030826167	0.001149341030826167	0.001149341030826167	0.001149341030826167
6.1	0.0007946704194958806	0.0007946704194958806	0.0007946704194958806	0.0007946704194958806
6.2	0.0007946704194958806	0.0007946704194958806	0.0007946704194958806	0.0007946704194958806
6.300000000000001	0.0007309464333017504	0.0007309464333017504	0.0007309464333017504	0.0007309464333017504
6.4	0.0007309464333017504	0.0007309464333017504	0.0007309464333017504	0.0007309464333017504
6.5	0.0006906041406411126	0.0006906041406411126	0.0006906041406411126	0.0006906041406411126
6.6	0.0006382438546017147	0.0006382438546017147	0.0006382438546017147	0.0006382438546017147
6.7	0.0005708470477458247	0.0005708470477458247	0.0005708470477458247	0.0005708470477458247
6.800000000000001	0.0005571294782236332	0.0005571294782236332	0.0005571294782236332	0.0005571294782236332
6.9	0.00041574229109105765	0.00041574229109105765	0.00041574229109105765	0.00041574229109105765
7.0	0.0003611176753286433	0.0003611176753286433	0.0003611176753286433	0.0003611176753286433
7.1	0.0003411594097633913	0.0003411594097633913	0.0003411594097633913	0.0003411594097633913
7.2	0.0002895584516845893	0.0002895584516845893	0.0002895584516845893	0.0002895584516845893
7.300000000000001	0.00022319807123702366	0.00022319807123702366	0.00022319807123702366	0.00022319807123702366
7.4	0.0002050121211515417	0.0002050121211515417	0.0002050121211515417	0.0002050121211515417
7.5	0.00015855049686218915	0.00015855049686218915	0.00015855049686218915	0.00015855049686218915
7.6	0.00013392253798117442	0.00013392253798117442	0.00013392253798117442	0.00013392253798117442
7.7	9.526138273068798e-05	9.526138273068798e-05	9.526138273068798e-05	9.526138273068798e-05
7.800000000000001	5.9398822879822194e-05	5.9398822879822194e-05	5.9398822879822194e-05	5.9398822879822194e-05
7.9	3.490819866418893e-05	3.490819866418893e-05	3.490819866418893e-05	3.490819866418893e-05
8.0	1.4197914125025404e-05	1.4197914125025404e-05	1.4197914125025404e-05	1.4197914125025404e-05
8.100000000000001	0.0	0.0	0.0	0.0
8.2	0.0	0.0	0.0	0.0
8.3	0.0	0.0	0.0	0.0
8.4	0.0	0.0	0.0	0.0
8.5	0.0	0.0	0.0	0.0
8.600000000000001	0.0	0.0	0.0	0.0
8.7	0.0	0.0	0.0	0.0
8.8	0.0	0.0	0.0	0.0
8.9	0.0	0.0	0.0	0.0
9.0	0.0	0.0	0.0	0.0
9.100000000000001	0.0	0.0	0.0	0.0
9.2	0.0	0.0	0.0	0.0
9.3	0.0	0.0	0.0	0.0
9.4	0.0	0.0	0.0	0.0
9.5	0.0	0.0	0.0	0.0
9.600000000000001	0.0	0.0	0.0	0.0
9.7	0.0	0.0	0.0	0.0
9.8	0.0	0.0	0.0	0.0
9.9	0.0	0.0	0.0	0.0
