4.0	0.0012862701369787393	0.0012862701369787393	0.0012862701369787393	0.0012862701369787393
4.1	0.0012862701369787393	0.0012862701369787393	0.0012862701369787393	0.0012862701369787393
4.2	0.0012862701369787393	0.0012862701369787393	0.0012862701369787393	0.0012862701369787393
4.3	0.0012862701369787393	0.0012862701369787393	0.0012862701369787393	0.0012862701369787393
4.4	0.0012862701369787393	0.0012862701369787393	0.0012862701369787393	0.0012862701369787393
4.5	0.0012862701369787393	0.0012862701369787393	0.0012862701369787393	0.0012862701369787393
4.6	0.0012862701369787393	0.0012862701369787393	0.0012862701369787393	0.0012862701369787393
4.7	0.0012862701369787393	0.0012862701369787393	0.0012862701369787393	0.0012862701369787393
4.8	0.0012862701369787393	0.0012862701369787393	0.0012862701369787393	0.0012862701369787393
4.9	0.0012862701369787393	0.0012862701369787393	0.0012862701369787393	0.0012862701369787393
5.0	0.0012862701369787393	0.0012862701369787393	0.0012862701369787393	0.0012862701369787393
5.1	0.0012862701369787393	0.0012862701369787393	0.0012862701369787393	0.0012862701369787393
5.2	0.0012862701369787393	0.0012862701369787393	0.0012862701369787393	0.0012862701369787393
5.3	0.0012862701369787393	0.0012862701369787393	0.0012862701369787393	0.0012862701369787393
5.4	0.0012862701369787393	0.0012862701369787393	0.0012862701369787393	0.0012862701369787393
5.5	0.0012862701369787393	0.0012862701369787393	0.0012862701369787393	0.0012862701369787393
5.6	0.0006541849684505646	0.0006541849684505646	0.0006541849684505646	0.0006541849684505646
5.7	0.0006541849684505646	0.0006541849684505646	0.0006541849684505646	0.0006541849684505646
5.8	0.0006541849684505646	0.0006541849684505646	0.0006541849684505646	0.0006541849684505646
5.9	0.0006541849684505646	0.0006541849684505646	0.0006541849684505646	0.0006541849684505646
6.0	0.0006541849684505646	0.0006541849684505646	0.0006541849684505646	0.0006541849684505646
6.1	0.0006014529764231369	0.0006014529764231369	0.0006014529764231369	0.0006014529764231369
6.2	0.0004924060171642563	0.0004924060171642563	0.0004924060171642563	0.0004924060171642563
6.300000000000001	0.00046249996842902166	0.00046249996842902166	0.00046249996842902166	0.00046249996842902166
6.4	0.0004107925337024234	0.0004107925337024234	0.0004107925337024234	0.0004107925337024234
6.5	0.00041008923077656077	0.00041008923077656077	0.00041008923077656077	0.00041008923077656077
6.6	0.00040759972906901347	0.00040759972906901347	0.00040759972906901347	0.00040759972906901347
6.7	0.0003778218284570675	0.0003778218284570675	0.0003778218284570675	0.0003778218284570675
6.800000000000001	0.0003045011182564917	0.0003045011182564917	0.0003045011182564917	0.0003045011182564917
6.9	0.0002625965973641269	0.0002625965973641269	0.0002625965973641269	0.0002625965973641269
7.0	0.00023431132747389543	0.00023431132747389543	0.00023431132747389543	0.00023431132747389543
7.1	0.00021121621879871083	0.00021121621879871083	0.00021121621879871083	0.00021121621879871083
7.2	0.00017926075924141392	0.00017926075924141392	0.00017926075924141392	0.00017926075924141392
7.300000000000001	0.00013643676133876743	0.00013643676133876743	0.00013643676133876743	0.00013643676133876743
7.4	0.00011330181328588679	0.00011330181328588679	0.00011330181328588679	0.00011330181328588679
7.5	7.034734298568647e-05	7.034734298568647e-05	7.034734298568647e-05	7.034734298568647e-05
7.6	4.63956024354382e-05	4.63956024354382e-05	4.63956024354382e-05	4.63956024354382e-05
7.7	2.8306278363383047e-05	2.8306278363383047e-05	2.8306278363383047e-05	2.8306278363383047e-05
7.800000000000001	1.3163158142002991e-05	1.3163158142002991e-05	1.3163158142002991e-05	1.3163158142002991e-05
7.9	3.5465722338567662e-06	3.5465722338567662e-06	3.5465722338567662e-06	3.5465722338567662e-06
8.0	0.0	0.0	0.0	0.0
8.100000000000001	0.0	0.0	0.0	0.0
8.2	0.0	0.0	0.0	0.0
8.3	0.0	0.0	0.0	0.0
8.4	0.0	0.0	0.0	0.0
8.5	0.0	0.0	0.0	0.0
8.600000000000001	0.0	0.0	0.0	0.0
8.7	0.0	0.0	0.0	0.0
8.8	0.0	0.0	0.0	0.0
8.9	0.0	0.0	0.0	0.0
9.0	0.0	0.0	0.0	0.0
9.100000000000001	0.0	0.0	0.0	0.0
9.2	0.0	0.0	0.0	0.0
9.3	0.0	0.0	0.0	0.0
9.4	0.0	0.0	0.0	0.0
9.5	0.0	0.0	0.0	0.0
9.600000000000001	0.0	0.0	0.0	0.0
9.7	0.0	0.0	0.0	0.0
9.8	0.0	0.0	0.0	0.0
9.9	0.0	0.0	0.0	0.0
