4.0	0.006405501007851163	0.006405501007851163	0.006405501007851163	0.006405501007851163
4.1	0.006405501007851163	0.006405501007851163	0.006405501007851163	0.006405501007851163
4.2	0.006405501007851163	0.006405501007851163	0.006405501007851163	0.006405501007851163
4.3	0.006405501007851163	0.006405501007851163	0.006405501007851163	0.006405501007851163
4.4	0.006405501007851163	0.006405501007851163	0.006405501007851163	0.006405501007851163
4.5	0.006405501007851163	0.006405501007851163	0.006405501007851163	0.006405501007851163
4.6	0.006405501007851163	0.006405501007851163	0.006405501007851163	0.006405501007851163
4.7	0.006405501007851163	0.006405501007851163	0.006405501007851163	0.006405501007851163
4.8	0.006405501007851163	0.006405501007851163	0.006405501007851163	0.006405501007851163
4.9	0.006405501007851163	0.006405501007851163	0.006405501007851163	0.006405501007851163
5.0	0.006405501007851163	0.006405501007851163	0.006405501007851163	0.006405501007851163
5.1	0.006405501007851163	0.006405501007851163	0.006405501007851163	0.006405501007851163
5.2	0.006405501007851163	0.006405501007851163	0.006405501007851163	0.006405501007851163
5.3	0.006405501007851163	0.006405501007851163	0.006405501007851163	0.006405501007851163
5.4	0.006405501007851163	0.006405501007851163	0.006405501007851163	0.006405501007851163
5.5	0.006405501007851163	0.006405501007851163	0.006405501007851163	0.006405501007851163
5.6	0.0031594615646703054	0.0031594615646703054	0.0031594615646703054	0.0031594615646703054
5.7	0.0031594615646703054	0.0031594615646703054	0.0031594615646703054	0.0031594615646703054
5.8	0.0031594615646703054	0.0031594615646703054	0.0031594615646703054	0.0031594615646703054
5.9	0.002546998746038467	0.002546998746038467	0.002546998746038467	0.002546998746038467
6.0	0.0017916241527035396	0.0017916241527035396	0.0017916241527035396	0.0017916241527035396
6.1	0.0017916241527035396	0.0017916241527035396	0.0017916241527035396	0.0017916241527035396
6.2	0.0016891194317326386	0.0016891194317326386	0.0016891194317326386	0.0016891194317326386
6.300000000000001	0.0016891194317326386	0.0016891194317326386	0.0016891194317326386	0.0016891194317326386
6.4	0.001488418113620872	0.001488418113620872	0.001488418113620872	0.001488418113620872
6.5	0.0013768833014098157	0.0013768833014098157	0.0013768833014098157	0.0013768833014098157
6.6	0.0010307016412205497	0.0010307016412205497	0.0010307016412205497	0.0010307016412205497
6.7	0.0009758007873969202	0.0009758007873969202	0.0009758007873969202	0.0009758007873969202
6.800000000000001	0.0009111658707234896	0.0009111658707234896	0.0009111658707234896	0.0009111658707234896
6.9	0.0007132250235941314	0.0007132250235941314	0.0007132250235941314	0.0007132250235941314
7.0	0.0006752152967491098	0.0006752152967491098	0.0006752152967491098	0.0006752152967491098
7.1	0.0005085785028064684	0.0005085785028064684	0.0005085785028064684	0.0005085785028064684
7.2	0.0004571712014326102	0.0004571712014326102	0.0004571712014326102	0.0004571712014326102
7.300000000000001	0.000421782941625234	0.000421782941625234	0.000421782941625234	0.000421782941625234
7.4	0.00029502875674344885	0.00029502875674344885	0.00029502875674344885	0.00029502875674344885
7.5	0.00020087946196915867	0.00020087946196915867	0.00020087946196915867	0.00020087946196915867
7.6	0.00012185470331553885	0.00012185470331553885	0.00012185470331553885	0.00012185470331553885
7.7	5.557590843970478e-05	5.557590843970478e-05	5.557590843970478e-05	5.557590843970478e-05
7.800000000000001	0.0	0.0	0.0	0.0
7.9	0.0	0.0	0.0	0.0
8.0	0.0	0.0	0.0	0.0
8.100000000000001	0.0	0.0	0.0	0.0
8.2	0.0	0.0	0.0	0.0
8.3	0.0	0.0	0.0	0.0
8.4	0.0	0.0	0.0	0.0
8.5	0.0	0.0	0.0	0.0
8.600000000000001	0.0	0.0	0.0	0.0
8.7	0.0	0.0	0.0	0.0
8.8	0.0	0.0	0.0	0.0
8.9	0.0	0.0	0.0	0.0
9.0	0.0	0.0	0.0	0.0
9.100000000000001	0.0	0.0	0.0	0.0
9.2	0.0	0.0	0.0	0.0
9.3	0.0	0.0	0.0	0.0
9.4	0.0	0.0	0.0	0.0
9.5	0.0	0.0	0.0	0.0
9.600000000000001	0.0	0.0	0.0	0.0
9.7	0.0	0.0	0.0	0.0
9.8	0.0	0.0	0.0	0.0
9.9	0.0	0.0	0.0	0.0
