4.0	0.0012630694120857888	0.0012630694120857888	0.0012630694120857888	0.0012630694120857888
4.1	0.0012630694120857888	0.0012630694120857888	0.0012630694120857888	0.0012630694120857888
4.2	0.0012630694120857888	0.0012630694120857888	0.0012630694120857888	0.0012630694120857888
4.3	0.0012630694120857888	0.0012630694120857888	0.0012630694120857888	0.0012630694120857888
4.4	0.0012630694120857888	0.0012630694120857888	0.0012630694120857888	0.0012630694120857888
4.5	0.0012630694120857888	0.0012630694120857888	0.0012630694120857888	0.0012630694120857888
4.6	0.0012630694120857888	0.0012630694120857888	0.0012630694120857888	0.0012630694120857888
4.7	0.0012630694120857888	0.0012630694120857888	0.0012630694120857888	0.0012630694120857888
4.8	0.0012630694120857888	0.0012630694120857888	0.0012630694120857888	0.0012630694120857888
4.9	0.0012630694120857888	0.0012630694120857888	0.0012630694120857888	0.0012630694120857888
5.0	0.0012630694120857888	0.0012630694120857888	0.0012630694120857888	0.0012630694120857888
5.1	0.0012630694120857888	0.0012630694120857888	0.0012630694120857888	0.0012630694120857888
5.2	0.0012630694120857888	0.0012630694120857888	0.0012630694120857888	0.0012630694120857888
5.3	0.0012630694120857888	0.0012630694120857888	0.0012630694120857888	0.0012630694120857888
5.4	0.0012630694120857888	0.0012630694120857888	0.0012630694120857888	0.0012630694120857888
5.5	0.0012630694120857888	0.0012630694120857888	0.0012630694120857888	0.0012630694120857888
5.6	0.0012630694120857888	0.0012630694120857888	0.0012630694120857888	0.0012630694120857888
5.7	0.001043010561783214	0.001043010561783214	0.001043010561783214	0.001043010561783214
5.8	0.0009975718889616765	0.0009975718889616765	0.0009975718889616765	0.0009975718889616765
5.9	0.0009102584288804855	0.0009102584288804855	0.0009102584288804855	0.0009102584288804855
6.0	0.0009102584288804855	0.0009102584288804855	0.0009102584288804855	0.0009102584288804855
6.1	0.0009102584288804855	0.0009102584288804855	0.0009102584288804855	0.0009102584288804855
6.2	0.0007700332349882691	0.0007700332349882691	0.0007700332349882691	0.0007700332349882691
6.300000000000001	0.0007561813510514629	0.0007561813510514629	0.0007561813510514629	0.0007561813510514629
6.4	0.0007504609610621395	0.0007504609610621395	0.0007504609610621395	0.0007504609610621395
6.5	0.0007238484760640199	0.0007238484760640199	0.0007238484760640199	0.0007238484760640199
6.6	0.0007238484760640199	0.0007238484760640199	0.0007238484760640199	0.0007238484760640199
6.7	0.0006857099200498219	0.0006857099200498219	0.0006857099200498219	0.0006857099200498219
6.800000000000001	0.0006734371791622082	0.0006734371791622082	0.0006734371791622082	0.0006734371791622082
6.9	0.0006532360775767329	0.0006532360775767329	0.0006532360775767329	0.0006532360775767329
7.0	0.0005615458256636275	0.0005615458256636275	0.0005615458256636275	0.0005615458256636275
7.1	0.0005034959142892233	0.0005034959142892233	0.0005034959142892233	0.0005034959142892233
7.2	0.00043219304798984483	0.00043219304798984483	0.00043219304798984483	0.00043219304798984483
7.300000000000001	0.00035683876524661537	0.00035683876524661537	0.00035683876524661537	0.00035683876524661537
7.4	0.0003097453224854167	0.0003097453224854167	0.0003097453224854167	0.0003097453224854167
7.5	0.00026648291013200173	0.00026648291013200173	0.00026648291013200173	0.00026648291013200173
7.6	0.00022610368742144232	0.00022610368742144232	0.00022610368742144232	0.00022610368742144232
7.7	0.0001484752544185011	0.0001484752544185011	0.0001484752544185011	0.0001484752544185011
7.800000000000001	8.504588662291136e-05	8.504588662291136e-05	8.504588662291136e-05	8.504588662291136e-05
7.9	2.3181243968993046e-05	2.3181243968993046e-05	2.3181243968993046e-05	2.3181243968993046e-05
8.0	0.0	0.0	0.0	0.0
8.100000000000001	0.0	0.0	0.0	0.0
8.2	0.0	0.0	0.0	0.0
8.3	0.0	0.0	0.0	0.0
8.4	0.0	0.0	0.0	0.0
8.5	0.0	0.0	0.0	0.0
8.600000000000001	0.0	0.0	0.0	0.0
8.7	0.0	0.0	0.0	0.0
8.8	0.0	0.0	0.0	0.0
8.9	0.0	0.0	0.0	0.0
9.0	0.0	0.0	0.0	0.0
9.100000000000001	0.0	0.0	0.0	0.0
9.2	0.0	0.0	0.0	0.0
9.3	0.0	0.0	0.0	0.0
9.4	0.0	0.0	0.0	0.0
9.5	0.0	0.0	0.0	0.0
9.600000000000001	0.0	0.0	0.0	0.0
9.7	0.0	0.0	0.0	0.0
9.8	0.0	0.0	0.0	0.0
9.9	0.0	0.0	0.0	0.0
