4.0	0.0031001038127826696	0.0031001038127826696	0.0031001038127826696	0.0031001038127826696
4.1	0.0031001038127826696	0.0031001038127826696	0.0031001038127826696	0.0031001038127826696
4.2	0.0031001038127826696	0.0031001038127826696	0.0031001038127826696	0.0031001038127826696
4.3	0.0031001038127826696	0.0031001038127826696	0.0031001038127826696	0.0031001038127826696
4.4	0.0031001038127826696	0.0031001038127826696	0.0031001038127826696	0.0031001038127826696
4.5	0.0031001038127826696	0.0031001038127826696	0.0031001038127826696	0.0031001038127826696
4.6	0.0031001038127826696	0.0031001038127826696	0.0031001038127826696	0.0031001038127826696
4.7	0.0031001038127826696	0.0031001038127826696	0.0031001038127826696	0.0031001038127826696
4.8	0.0031001038127826696	0.0031001038127826696	0.0031001038127826696	0.0031001038127826696
4.9	0.0031001038127826696	0.0031001038127826696	0.0031001038127826696	0.0031001038127826696
5.0	0.0031001038127826696	0.0031001038127826696	0.0031001038127826696	0.0031001038127826696
5.1	0.0031001038127826696	0.0031001038127826696	0.0031001038127826696	0.0031001038127826696
5.2	0.0031001038127826696	0.0031001038127826696	0.0031001038127826696	0.0031001038127826696
5.3	0.0031001038127826696	0.0031001038127826696	0.0031001038127826696	0.0031001038127826696
5.4	0.0031001038127826696	0.0031001038127826696	0.0031001038127826696	0.0031001038127826696
5.5	0.0031001038127826696	0.0031001038127826696	0.0031001038127826696	0.0031001038127826696
5.6	0.002248088154708123	0.002248088154708123	0.002248088154708123	0.002248088154708123
5.7	0.002248088154708123	0.002248088154708123	0.002248088154708123	0.002248088154708123
5.8	0.0015563167742105653	0.0015563167742105653	0.0015563167742105653	0.0015563167742105653
5.9	0.0010726262728961524	0.0010726262728961524	0.0010726262728961524	0.0010726262728961524
6.0	0.0006574339581316289	0.0006574339581316289	0.0006574339581316289	0.0006574339581316289
6.1	0.000439256404274628	0.000439256404274628	0.000439256404274628	0.000439256404274628
6.2	0.000439256404274628	0.000439256404274628	0.000439256404274628	0.000439256404274628
6.300000000000001	0.00043014408721986494	0.00043014408721986494	0.00043014408721986494	0.00043014408721986494
6.4	0.00041401652110763704	0.00041401652110763704	0.00041401652110763704	0.00041401652110763704
6.5	0.00041325535827820177	0.00041325535827820177	0.00041325535827820177	0.00041325535827820177
6.6	0.00037930705124950253	0.00037930705124950253	0.00037930705124950253	0.00037930705124950253
6.7	0.0003735847748571344	0.0003735847748571344	0.0003735847748571344	0.0003735847748571344
6.800000000000001	0.0003735847748571344	0.0003735847748571344	0.0003735847748571344	0.0003735847748571344
6.9	0.0003471201659456778	0.0003471201659456778	0.0003471201659456778	0.0003471201659456778
7.0	0.00024969181956411245	0.00024969181956411245	0.00024969181956411245	0.00024969181956411245
7.1	0.0002098248116366737	0.0002098248116366737	0.0002098248116366737	0.0002098248116366737
7.2	0.00018796030792981683	0.00018796030792981683	0.00018796030792981683	0.00018796030792981683
7.300000000000001	0.00016816384544190703	0.00016816384544190703	0.00016816384544190703	0.00016816384544190703
7.4	0.0001508232674628153	0.0001508232674628153	0.0001508232674628153	0.0001508232674628153
7.5	0.00012050768261981343	0.00012050768261981343	0.00012050768261981343	0.00012050768261981343
7.6	0.00010850291672379319	0.00010850291672379319	0.00010850291672379319	0.00010850291672379319
7.7	9.90594337916005e-05	9.90594337916005e-05	9.90594337916005e-05	9.90594337916005e-05
7.800000000000001	8.32822049142193e-05	8.32822049142193e-05	8.32822049142193e-05	8.32822049142193e-05
7.9	7.192768286118476e-05	7.192768286118476e-05	7.192768286118476e-05	7.192768286118476e-05
8.0	6.164308427234807e-05	6.164308427234807e-05	6.164308427234807e-05	6.164308427234807e-05
8.100000000000001	4.0330687229156e-05	4.0330687229156e-05	4.0330687229156e-05	4.0330687229156e-05
8.2	0.0	0.0	0.0	0.0
8.3	0.0	0.0	0.0	0.0
8.4	0.0	0.0	0.0	0.0
8.5	0.0	0.0	0.0	0.0
8.600000000000001	0.0	0.0	0.0	0.0
8.7	0.0	0.0	0.0	0.0
8.8	0.0	0.0	0.0	0.0
8.9	0.0	0.0	0.0	0.0
9.0	0.0	0.0	0.0	0.0
9.100000000000001	0.0	0.0	0.0	0.0
9.2	0.0	0.0	0.0	0.0
9.3	0.0	0.0	0.0	0.0
9.4	0.0	0.0	0.0	0.0
9.5	0.0	0.0	0.0	0.0
9.600000000000001	0.0	0.0	0.0	0.0
9.7	0.0	0.0	0.0	0.0
9.8	0.0	0.0	0.0	0.0
9.9	0.0	0.0	0.0	0.0
