4.0	0.0023849911161181506	0.0023849911161181506	0.0023849911161181506	0.0023849911161181506
4.1	0.0023849911161181506	0.0023849911161181506	0.0023849911161181506	0.0023849911161181506
4.2	0.0023849911161181506	0.0023849911161181506	0.0023849911161181506	0.0023849911161181506
4.3	0.0023849911161181506	0.0023849911161181506	0.0023849911161181506	0.0023849911161181506
4.4	0.0023849911161181506	0.0023849911161181506	0.0023849911161181506	0.0023849911161181506
4.5	0.0023849911161181506	0.0023849911161181506	0.0023849911161181506	0.0023849911161181506
4.6	0.0023849911161181506	0.0023849911161181506	0.0023849911161181506	0.0023849911161181506
4.7	0.0023849911161181506	0.0023849911161181506	0.0023849911161181506	0.0023849911161181506
4.8	0.0023849911161181506	0.0023849911161181506	0.0023849911161181506	0.0023849911161181506
4.9	0.0023849911161181506	0.0023849911161181506	0.0023849911161181506	0.0023849911161181506
5.0	0.0023849911161181506	0.0023849911161181506	0.0023849911161181506	0.0023849911161181506
5.1	0.0023849911161181506	0.0023849911161181506	0.0023849911161181506	0.0023849911161181506
5.2	0.0023849911161181506	0.0023849911161181506	0.0023849911161181506	0.0023849911161181506
5.3	0.0023849911161181506	0.0023849911161181506	0.0023849911161181506	0.0023849911161181506
5.4	0.0023849911161181506	0.0023849911161181506	0.0023849911161181506	0.0023849911161181506
5.5	0.0023849911161181506	0.0023849911161181506	0.0023849911161181506	0.0023849911161181506
5.6	0.0023849911161181506	0.0023849911161181506	0.0023849911161181506	0.0023849911161181506
5.7	0.0020963093905816436	0.0020963093905816436	0.0020963093905816436	0.0020963093905816436
5.8	0.002000936252291232	0.002000936252291232	0.002000936252291232	0.002000936252291232
5.9	0.0018337463198054486	0.0018337463198054486	0.0018337463198054486	0.0018337463198054486
6.0	0.0015742616948053575	0.0015742616948053575	0.0015742616948053575	0.0015742616948053575
6.1	0.001210082427417841	0.001210082427417841	0.001210082427417841	0.001210082427417841
6.2	0.0011256637588075529	0.0011256637588075529	0.0011256637588075529	0.0011256637588075529
6.300000000000001	0.001089320882787703	0.001089320882787703	0.001089320882787703	0.001089320882787703
6.4	0.001079601119236569	0.001079601119236569	0.001079601119236569	0.001079601119236569
6.5	0.0010382999142707471	0.0010382999142707471	0.0010382999142707471	0.0010382999142707471
6.6	0.0009929771108228866	0.0009929771108228866	0.0009929771108228866	0.0009929771108228866
6.7	0.0008953953401343555	0.0008953953401343555	0.0008953953401343555	0.0008953953401343555
6.800000000000001	0.0008077088837573769	0.0008077088837573769	0.0008077088837573769	0.0008077088837573769
6.9	0.0007466836542363209	0.0007466836542363209	0.0007466836542363209	0.0007466836542363209
7.0	0.0006945952338284638	0.0006945952338284638	0.0006945952338284638	0.0006945952338284638
7.1	0.000583822611637528	0.000583822611637528	0.000583822611637528	0.000583822611637528
7.2	0.0004990408214773429	0.0004990408214773429	0.0004990408214773429	0.0004990408214773429
7.300000000000001	0.0002883847383389534	0.0002883847383389534	0.0002883847383389534	0.0002883847383389534
7.4	0.00017497619818662835	0.00017497619818662835	0.00017497619818662835	0.00017497619818662835
7.5	8.802414061508953e-05	8.802414061508953e-05	8.802414061508953e-05	8.802414061508953e-05
7.6	3.5658046786950036e-05	3.5658046786950036e-05	3.5658046786950036e-05	3.5658046786950036e-05
7.7	0.0	0.0	0.0	0.0
7.800000000000001	0.0	0.0	0.0	0.0
7.9	0.0	0.0	0.0	0.0
8.0	0.0	0.0	0.0	0.0
8.100000000000001	0.0	0.0	0.0	0.0
8.2	0.0	0.0	0.0	0.0
8.3	0.0	0.0	0.0	0.0
8.4	0.0	0.0	0.0	0.0
8.5	0.0	0.0	0.0	0.0
8.600000000000001	0.0	0.0	0.0	0.0
8.7	0.0	0.0	0.0	0.0
8.8	0.0	0.0	0.0	0.0
8.9	0.0	0.0	0.0	0.0
9.0	0.0	0.0	0.0	0.0
9.100000000000001	0.0	0.0	0.0	0.0
9.2	0.0	0.0	0.0	0.0
9.3	0.0	0.0	0.0	0.0
9.4	0.0	0.0	0.0	0.0
9.5	0.0	0.0	0.0	0.0
9.600000000000001	0.0	0.0	0.0	0.0
9.7	0.0	0.0	0.0	0.0
9.8	0.0	0.0	0.0	0.0
9.9	0.0	0.0	0.0	0.0
