4.0	0.1689063679960932	0.1689063679960932	0.1689063679960932	0.1689063679960932
4.1	0.16890636799609324	0.16890636799609324	0.16890636799609324	0.16890636799609324
4.2	0.1689063679960932	0.1689063679960932	0.1689063679960932	0.1689063679960932
4.3	0.1689063679960932	0.1689063679960932	0.1689063679960932	0.1689063679960932
4.4	0.1689063679960932	0.1689063679960932	0.1689063679960932	0.1689063679960932
4.5	0.16890636799609324	0.16890636799609324	0.16890636799609324	0.16890636799609324
4.6	0.1689063679960932	0.1689063679960932	0.1689063679960932	0.1689063679960932
4.7	0.1689063679960932	0.1689063679960932	0.1689063679960932	0.1689063679960932
4.8	0.1689063679960932	0.1689063679960932	0.1689063679960932	0.1689063679960932
4.9	0.16890636799609324	0.16890636799609324	0.16890636799609324	0.16890636799609324
5.0	0.1689063679960932	0.1689063679960932	0.1689063679960932	0.1689063679960932
5.1	0.1689063679960932	0.1689063679960932	0.1689063679960932	0.1689063679960932
5.2	0.1689063679960932	0.1689063679960932	0.1689063679960932	0.1689063679960932
5.3	0.16890636799609324	0.16890636799609324	0.16890636799609324	0.16890636799609324
5.4	0.1689063679960932	0.1689063679960932	0.1689063679960932	0.1689063679960932
5.5	0.1689063679960932	0.1689063679960932	0.1689063679960932	0.1689063679960932
5.6	0.14026562806028245	0.14026562806028245	0.14026562806028245	0.14026562806028245
5.7	0.10999936007935592	0.10999936007935592	0.10999936007935592	0.10999936007935592
5.8	0.10270999376461261	0.10270999376461261	0.10270999376461261	0.10270999376461261
5.9	0.08300090048305372	0.08300090048305372	0.08300090048305372	0.08300090048305372
6.0	0.06173031538845739	0.06173031538845739	0.06173031538845739	0.06173031538845739
6.1	0.054456916342041035	0.054456916342041035	0.054456916342041035	0.054456916342041035
6.2	0.04562755612312714	0.04562755612312714	0.04562755612312714	0.04562755612312714
6.300000000000001	0.04048426269482514	0.04048426269482514	0.04048426269482514	0.04048426269482514
6.4	0.03610728162592304	0.03610728162592304	0.03610728162592304	0.03610728162592304
6.5	0.031893668340146675	0.031893668340146675	0.031893668340146675	0.031893668340146675
6.6	0.026988436263626035	0.026988436263626035	0.026988436263626035	0.026988436263626035
6.7	0.02139715784951163	0.02139715784951163	0.02139715784951163	0.02139715784951163
6.800000000000001	0.01596237974776476	0.01596237974776476	0.01596237974776476	0.01596237974776476
6.9	0.01255226525596506	0.01255226525596506	0.01255226525596506	0.01255226525596506
7.0	0.010218228761134094	0.010218228761134094	0.010218228761134094	0.010218228761134094
7.1	0.007940989891366487	0.007940989891366487	0.007940989891366487	0.007940989891366487
7.2	0.005508239746683482	0.005508239746683482	0.005508239746683482	0.005508239746683482
7.300000000000001	0.003770056008183559	0.003770056008183559	0.003770056008183559	0.003770056008183559
7.4	0.002981404852616284	0.002981404852616284	0.002981404852616284	0.002981404852616284
7.5	0.0022654420598893603	0.0022654420598893603	0.0022654420598893603	0.0022654420598893603
7.6	0.0018178580426170938	0.0018178580426170938	0.0018178580426170938	0.0018178580426170938
7.7	0.001390124428908448	0.001390124428908448	0.001390124428908448	0.001390124428908448
7.800000000000001	0.0010252523605410381	0.0010252523605410381	0.0010252523605410381	0.0010252523605410381
7.9	0.0006945394961165184	0.0006945394961165184	0.0006945394961165184	0.0006945394961165184
8.0	0.00045254939592232244	0.00045254939592232244	0.00045254939592232244	0.00045254939592232244
8.100000000000001	0.00023056776921668066	0.00023056776921668066	0.00023056776921668066	0.00023056776921668066
8.2	3.341594511805568e-05	3.341594511805568e-05	3.341594511805568e-05	3.341594511805568e-05
8.3	1.2451143948941007e-05	1.2451143948941007e-05	1.2451143948941007e-05	1.2451143948941007e-05
8.4	0.0	0.0	0.0	0.0
8.5	0.0	0.0	0.0	0.0
8.600000000000001	0.0	0.0	0.0	0.0
8.7	0.0	0.0	0.0	0.0
8.8	0.0	0.0	0.0	0.0
8.9	0.0	0.0	0.0	0.0
9.0	0.0	0.0	0.0	0.0
9.100000000000001	0.0	0.0	0.0	0.0
9.2	0.0	0.0	0.0	0.0
9.3	0.0	0.0	0.0	0.0
9.4	0.0	0.0	0.0	0.0
9.5	0.0	0.0	0.0	0.0
9.600000000000001	0.0	0.0	0.0	0.0
9.7	0.0	0.0	0.0	0.0
9.8	0.0	0.0	0.0	0.0
9.9	0.0	0.0	0.0	0.0
