4.0	0.011040634241802315	0.011040634241802315	0.011040634241802315	0.011040634241802315
4.1	0.011040634241802313	0.011040634241802313	0.011040634241802313	0.011040634241802313
4.2	0.011040634241802315	0.011040634241802315	0.011040634241802315	0.011040634241802315
4.3	0.011040634241802313	0.011040634241802313	0.011040634241802313	0.011040634241802313
4.4	0.011040634241802315	0.011040634241802315	0.011040634241802315	0.011040634241802315
4.5	0.011040634241802313	0.011040634241802313	0.011040634241802313	0.011040634241802313
4.6	0.011040634241802315	0.011040634241802315	0.011040634241802315	0.011040634241802315
4.7	0.011040634241802313	0.011040634241802313	0.011040634241802313	0.011040634241802313
4.8	0.011040634241802315	0.011040634241802315	0.011040634241802315	0.011040634241802315
4.9	0.011040634241802313	0.011040634241802313	0.011040634241802313	0.011040634241802313
5.0	0.011040634241802315	0.011040634241802315	0.011040634241802315	0.011040634241802315
5.1	0.011040634241802313	0.011040634241802313	0.011040634241802313	0.011040634241802313
5.2	0.011040634241802315	0.011040634241802315	0.011040634241802315	0.011040634241802315
5.3	0.011040634241802313	0.011040634241802313	0.011040634241802313	0.011040634241802313
5.4	0.011040634241802315	0.011040634241802315	0.011040634241802315	0.011040634241802315
5.5	0.011040634241802313	0.011040634241802313	0.011040634241802313	0.011040634241802313
5.6	0.008205454155670444	0.008205454155670444	0.008205454155670444	0.008205454155670444
5.7	0.008205454155670443	0.008205454155670443	0.008205454155670443	0.008205454155670443
5.8	0.005970242369282799	0.005970242369282799	0.005970242369282799	0.005970242369282799
5.9	0.005970242369282799	0.005970242369282799	0.005970242369282799	0.005970242369282799
6.0	0.004433886330255573	0.004433886330255573	0.004433886330255573	0.004433886330255573
6.1	0.0031592885398542755	0.0031592885398542755	0.0031592885398542755	0.0031592885398542755
6.2	0.003159288539854275	0.003159288539854275	0.003159288539854275	0.003159288539854275
6.300000000000001	0.002477888923258367	0.002477888923258367	0.002477888923258367	0.002477888923258367
6.4	0.0017321882198226754	0.0017321882198226754	0.0017321882198226754	0.0017321882198226754
6.5	0.0015244370399472085	0.0015244370399472085	0.0015244370399472085	0.0015244370399472085
6.6	0.0013300139002569485	0.0013300139002569485	0.0013300139002569485	0.0013300139002569485
6.7	0.0012430076456459917	0.0012430076456459917	0.0012430076456459917	0.0012430076456459917
6.800000000000001	0.0011339529439079088	0.0011339529439079088	0.0011339529439079088	0.0011339529439079088
6.9	0.0009702501388424591	0.0009702501388424591	0.0009702501388424591	0.0009702501388424591
7.0	0.0009241967035710496	0.0009241967035710496	0.0009241967035710496	0.0009241967035710496
7.1	0.0008518244646471587	0.0008518244646471587	0.0008518244646471587	0.0008518244646471587
7.2	0.0007742807850132463	0.0007742807850132463	0.0007742807850132463	0.0007742807850132463
7.300000000000001	0.000647719117156784	0.000647719117156784	0.000647719117156784	0.000647719117156784
7.4	0.0005011753661850304	0.0005011753661850304	0.0005011753661850304	0.0005011753661850304
7.5	0.0004188000962208234	0.0004188000962208234	0.0004188000962208234	0.0004188000962208234
7.6	0.00023394615373920557	0.00023394615373920557	0.00023394615373920557	0.00023394615373920557
7.7	0.00010594211511835973	0.00010594211511835973	0.00010594211511835973	0.00010594211511835973
7.800000000000001	0.0	0.0	0.0	0.0
7.9	0.0	0.0	0.0	0.0
8.0	0.0	0.0	0.0	0.0
8.100000000000001	0.0	0.0	0.0	0.0
8.2	0.0	0.0	0.0	0.0
8.3	0.0	0.0	0.0	0.0
8.4	0.0	0.0	0.0	0.0
8.5	0.0	0.0	0.0	0.0
8.600000000000001	0.0	0.0	0.0	0.0
8.7	0.0	0.0	0.0	0.0
8.8	0.0	0.0	0.0	0.0
8.9	0.0	0.0	0.0	0.0
9.0	0.0	0.0	0.0	0.0
9.100000000000001	0.0	0.0	0.0	0.0
9.2	0.0	0.0	0.0	0.0
9.3	0.0	0.0	0.0	0.0
9.4	0.0	0.0	0.0	0.0
9.5	0.0	0.0	0.0	0.0
9.600000000000001	0.0	0.0	0.0	0.0
9.7	0.0	0.0	0.0	0.0
9.8	0.0	0.0	0.0	0.0
9.9	0.0	0.0	0.0	0.0
