4.0	0.7866458641473052	0.7866458641473052	0.7866458641473052	0.7866458641473052
4.1	0.7866458641473052	0.7866458641473052	0.7866458641473052	0.7866458641473052
4.2	0.7866458641473052	0.7866458641473052	0.7866458641473052	0.7866458641473052
4.3	0.7866458641473052	0.7866458641473052	0.7866458641473052	0.7866458641473052
4.4	0.7866458641473052	0.7866458641473052	0.7866458641473052	0.7866458641473052
4.5	0.7866458641473052	0.7866458641473052	0.7866458641473052	0.7866458641473052
4.6	0.7866458641473052	0.7866458641473052	0.7866458641473052	0.7866458641473052
4.7	0.7866458641473052	0.7866458641473052	0.7866458641473052	0.7866458641473052
4.8	0.7866458641473052	0.7866458641473052	0.7866458641473052	0.7866458641473052
4.9	0.7866458641473052	0.7866458641473052	0.7866458641473052	0.7866458641473052
5.0	0.7866458641473052	0.7866458641473052	0.7866458641473052	0.7866458641473052
5.1	0.7866458641473052	0.7866458641473052	0.7866458641473052	0.7866458641473052
5.2	0.7866458641473052	0.7866458641473052	0.7866458641473052	0.7866458641473052
5.3	0.7866458641473052	0.7866458641473052	0.7866458641473052	0.7866458641473052
5.4	0.7866458641473052	0.7866458641473052	0.7866458641473052	0.7866458641473052
5.5	0.7866458641473052	0.7866458641473052	0.7866458641473052	0.7866458641473052
5.6	0.6553279860645769	0.6553279860645769	0.6553279860645769	0.6553279860645769
5.7	0.5434533424526117	0.5434533424526117	0.5434533424526117	0.5434533424526117
5.8	0.4208657766864759	0.4208657766864759	0.4208657766864759	0.4208657766864759
5.9	0.33292819836386994	0.33292819836386994	0.33292819836386994	0.33292819836386994
6.0	0.2777843456222814	0.2777843456222814	0.2777843456222814	0.2777843456222814
6.1	0.2265998906511546	0.2265998906511546	0.2265998906511546	0.2265998906511546
6.2	0.1802253859362294	0.1802253859362294	0.1802253859362294	0.1802253859362294
6.300000000000001	0.147967498187965	0.147967498187965	0.147967498187965	0.147967498187965
6.4	0.1289449915469721	0.1289449915469721	0.1289449915469721	0.1289449915469721
6.5	0.1036804699473244	0.1036804699473244	0.1036804699473244	0.1036804699473244
6.6	0.08437888199349734	0.08437888199349734	0.08437888199349734	0.08437888199349734
6.7	0.0684840904056319	0.0684840904056319	0.0684840904056319	0.0684840904056319
6.800000000000001	0.05320234748100893	0.05320234748100893	0.05320234748100893	0.05320234748100893
6.9	0.04530468222217066	0.04530468222217066	0.04530468222217066	0.04530468222217066
7.0	0.03831855674631156	0.03831855674631156	0.03831855674631156	0.03831855674631156
7.1	0.03285495524975845	0.03285495524975845	0.03285495524975845	0.03285495524975845
7.2	0.028888332370063368	0.028888332370063368	0.028888332370063368	0.028888332370063368
7.300000000000001	0.025632559904146274	0.025632559904146274	0.025632559904146274	0.025632559904146274
7.4	0.022668699134617023	0.022668699134617023	0.022668699134617023	0.022668699134617023
7.5	0.02025572530925781	0.02025572530925781	0.02025572530925781	0.02025572530925781
7.6	0.018507793370224103	0.018507793370224103	0.018507793370224103	0.018507793370224103
7.7	0.017208973971862832	0.017208973971862832	0.017208973971862832	0.017208973971862832
7.800000000000001	0.015968887064704205	0.015968887064704205	0.015968887064704205	0.015968887064704205
7.9	0.014476118559277298	0.014476118559277298	0.014476118559277298	0.014476118559277298
8.0	0.013633711910079718	0.013633711910079718	0.013633711910079718	0.013633711910079718
8.100000000000001	0.011383549947572133	0.011383549947572133	0.011383549947572133	0.011383549947572133
8.2	0.008632367240913505	0.008632367240913505	0.008632367240913505	0.008632367240913505
8.3	0.0042695706812111555	0.0042695706812111555	0.0042695706812111555	0.0042695706812111555
8.4	0.0	0.0	0.0	0.0
8.5	0.0	0.0	0.0	0.0
8.600000000000001	0.0	0.0	0.0	0.0
8.7	0.0	0.0	0.0	0.0
8.8	0.0	0.0	0.0	0.0
8.9	0.0	0.0	0.0	0.0
9.0	0.0	0.0	0.0	0.0
9.100000000000001	0.0	0.0	0.0	0.0
9.2	0.0	0.0	0.0	0.0
9.3	0.0	0.0	0.0	0.0
9.4	0.0	0.0	0.0	0.0
9.5	0.0	0.0	0.0	0.0
9.600000000000001	0.0	0.0	0.0	0.0
9.7	0.0	0.0	0.0	0.0
9.8	0.0	0.0	0.0	0.0
9.9	0.0	0.0	0.0	0.0
