4.0	0.005863950974556679	0.005863950974556679	0.005863950974556679	0.005863950974556679
4.1	0.005863950974556679	0.005863950974556679	0.005863950974556679	0.005863950974556679
4.2	0.005863950974556679	0.005863950974556679	0.005863950974556679	0.005863950974556679
4.3	0.005863950974556679	0.005863950974556679	0.005863950974556679	0.005863950974556679
4.4	0.005863950974556679	0.005863950974556679	0.005863950974556679	0.005863950974556679
4.5	0.005863950974556679	0.005863950974556679	0.005863950974556679	0.005863950974556679
4.6	0.005863950974556679	0.005863950974556679	0.005863950974556679	0.005863950974556679
4.7	0.005863950974556679	0.005863950974556679	0.005863950974556679	0.005863950974556679
4.8	0.005863950974556679	0.005863950974556679	0.005863950974556679	0.005863950974556679
4.9	0.005863950974556679	0.005863950974556679	0.005863950974556679	0.005863950974556679
5.0	0.005863950974556679	0.005863950974556679	0.005863950974556679	0.005863950974556679
5.1	0.005863950974556679	0.005863950974556679	0.005863950974556679	0.005863950974556679
5.2	0.005863950974556679	0.005863950974556679	0.005863950974556679	0.005863950974556679
5.3	0.005863950974556679	0.005863950974556679	0.005863950974556679	0.005863950974556679
5.4	0.005863950974556679	0.005863950974556679	0.005863950974556679	0.005863950974556679
5.5	0.005863950974556679	0.005863950974556679	0.005863950974556679	0.005863950974556679
5.6	0.005863950974556679	0.005863950974556679	0.005863950974556679	0.005863950974556679
5.7	0.005863950974556679	0.005863950974556679	0.005863950974556679	0.005863950974556679
5.8	0.0045708948555910275	0.0045708948555910275	0.0045708948555910275	0.0045708948555910275
5.9	0.003415236926532726	0.003415236926532726	0.003415236926532726	0.003415236926532726
6.0	0.0025120537975269553	0.0025120537975269553	0.0025120537975269553	0.0025120537975269553
6.1	0.0020408042379932594	0.0020408042379932594	0.0020408042379932594	0.0020408042379932594
6.2	0.0020408042379932594	0.0020408042379932594	0.0020408042379932594	0.0020408042379932594
6.300000000000001	0.0020408042379932594	0.0020408042379932594	0.0020408042379932594	0.0020408042379932594
6.4	0.001668090314571018	0.001668090314571018	0.001668090314571018	0.001668090314571018
6.5	0.0014224803359962174	0.0014224803359962174	0.0014224803359962174	0.0014224803359962174
6.6	0.0011157009853279727	0.0011157009853279727	0.0011157009853279727	0.0011157009853279727
6.7	0.001006909511895141	0.001006909511895141	0.001006909511895141	0.001006909511895141
6.800000000000001	0.0008898727856474301	0.0008898727856474301	0.0008898727856474301	0.0008898727856474301
6.9	0.0006762054997502446	0.0006762054997502446	0.0006762054997502446	0.0006762054997502446
7.0	0.000558741500082516	0.000558741500082516	0.000558741500082516	0.000558741500082516
7.1	0.00038999105736721304	0.00038999105736721304	0.00038999105736721304	0.00038999105736721304
7.2	0.0003717649124164051	0.0003717649124164051	0.0003717649124164051	0.0003717649124164051
7.300000000000001	0.000328707293077312	0.000328707293077312	0.000328707293077312	0.000328707293077312
7.4	0.00028496240368340234	0.00028496240368340234	0.00028496240368340234	0.00028496240368340234
7.5	0.00022373190318654166	0.00022373190318654166	0.00022373190318654166	0.00022373190318654166
7.6	0.00018027844201956084	0.00018027844201956084	0.00018027844201956084	0.00018027844201956084
7.7	0.00011495895952219891	0.00011495895952219891	0.00011495895952219891	0.00011495895952219891
7.800000000000001	3.499009416645113e-06	3.499009416645113e-06	3.499009416645113e-06	3.499009416645113e-06
7.9	1.537771461926538e-06	1.537771461926538e-06	1.537771461926538e-06	1.537771461926538e-06
8.0	0.0	0.0	0.0	0.0
8.100000000000001	0.0	0.0	0.0	0.0
8.2	0.0	0.0	0.0	0.0
8.3	0.0	0.0	0.0	0.0
8.4	0.0	0.0	0.0	0.0
8.5	0.0	0.0	0.0	0.0
8.600000000000001	0.0	0.0	0.0	0.0
8.7	0.0	0.0	0.0	0.0
8.8	0.0	0.0	0.0	0.0
8.9	0.0	0.0	0.0	0.0
9.0	0.0	0.0	0.0	0.0
9.100000000000001	0.0	0.0	0.0	0.0
9.2	0.0	0.0	0.0	0.0
9.3	0.0	0.0	0.0	0.0
9.4	0.0	0.0	0.0	0.0
9.5	0.0	0.0	0.0	0.0
9.600000000000001	0.0	0.0	0.0	0.0
9.7	0.0	0.0	0.0	0.0
9.8	0.0	0.0	0.0	0.0
9.9	0.0	0.0	0.0	0.0
