4.0	4.227005919968025	4.227005919968025	4.227005919968025	4.227005919968025
4.1	4.227005919968025	4.227005919968025	4.227005919968025	4.227005919968025
4.2	4.227005919968025	4.227005919968025	4.227005919968025	4.227005919968025
4.3	4.227005919968025	4.227005919968025	4.227005919968025	4.227005919968025
4.4	4.227005919968025	4.227005919968025	4.227005919968025	4.227005919968025
4.5	4.227005919968025	4.227005919968025	4.227005919968025	4.227005919968025
4.6	4.227005919968025	4.227005919968025	4.227005919968025	4.227005919968025
4.7	4.227005919968025	4.227005919968025	4.227005919968025	4.227005919968025
4.8	4.227005919968025	4.227005919968025	4.227005919968025	4.227005919968025
4.9	4.227005919968025	4.227005919968025	4.227005919968025	4.227005919968025
5.0	4.227005919968025	4.227005919968025	4.227005919968025	4.227005919968025
5.1	4.227005919968025	4.227005919968025	4.227005919968025	4.227005919968025
5.2	4.227005919968025	4.227005919968025	4.227005919968025	4.227005919968025
5.3	4.227005919968025	4.227005919968025	4.227005919968025	4.227005919968025
5.4	4.227005919968025	4.227005919968025	4.227005919968025	4.227005919968025
5.5	4.227005919968025	4.227005919968025	4.227005919968025	4.227005919968025
5.6	3.5157121060244774	3.5157121060244774	3.5157121060244774	3.5157121060244774
5.7	2.881647589466812	2.881647589466812	2.881647589466812	2.881647589466812
5.8	2.3231958193388693	2.3231958193388693	2.3231958193388693	2.3231958193388693
5.9	1.8946141044791696	1.8946141044791696	1.8946141044791696	1.8946141044791696
6.0	1.5341651168649324	1.5341651168649324	1.5341651168649324	1.5341651168649324
6.1	1.3004121111999691	1.3004121111999691	1.3004121111999691	1.3004121111999691
6.2	1.1003824886858014	1.1003824886858014	1.1003824886858014	1.1003824886858014
6.300000000000001	0.9057594850142973	0.9057594850142973	0.9057594850142973	0.9057594850142973
6.4	0.7786146098179332	0.7786146098179332	0.7786146098179332	0.7786146098179332
6.5	0.6493225545014486	0.6493225545014486	0.6493225545014486	0.6493225545014486
6.6	0.5533242488612977	0.5533242488612977	0.5533242488612977	0.5533242488612977
6.7	0.4758623778481482	0.4758623778481482	0.4758623778481482	0.4758623778481482
6.800000000000001	0.3995113270144475	0.3995113270144475	0.3995113270144475	0.3995113270144475
6.9	0.34003183511831614	0.34003183511831614	0.34003183511831614	0.34003183511831614
7.0	0.28298838760997364	0.28298838760997364	0.28298838760997364	0.28298838760997364
7.1	0.24263613686112362	0.24263613686112362	0.24263613686112362	0.24263613686112362
7.2	0.20863317459908434	0.20863317459908434	0.20863317459908434	0.20863317459908434
7.300000000000001	0.17070901246788314	0.17070901246788314	0.17070901246788314	0.17070901246788314
7.4	0.14713815912818978	0.14713815912818978	0.14713815912818978	0.14713815912818978
7.5	0.12116421301917342	0.12116421301917342	0.12116421301917342	0.12116421301917342
7.6	0.09706207304051001	0.09706207304051001	0.09706207304051001	0.09706207304051001
7.7	0.077570851773674	0.077570851773674	0.077570851773674	0.077570851773674
7.800000000000001	0.059355594252160866	0.059355594252160866	0.059355594252160866	0.059355594252160866
7.9	0.043335280711944944	0.043335280711944944	0.043335280711944944	0.043335280711944944
8.0	0.030398809028214416	0.030398809028214416	0.030398809028214416	0.030398809028214416
8.100000000000001	0.01918216209273321	0.01918216209273321	0.01918216209273321	0.01918216209273321
8.2	0.011806663840660071	0.011806663840660071	0.011806663840660071	0.011806663840660071
8.3	0.005242548201615414	0.005242548201615414	0.005242548201615414	0.005242548201615414
8.4	0.0	0.0	0.0	0.0
8.5	0.0	0.0	0.0	0.0
8.600000000000001	0.0	0.0	0.0	0.0
8.7	0.0	0.0	0.0	0.0
8.8	0.0	0.0	0.0	0.0
8.9	0.0	0.0	0.0	0.0
9.0	0.0	0.0	0.0	0.0
9.100000000000001	0.0	0.0	0.0	0.0
9.2	0.0	0.0	0.0	0.0
9.3	0.0	0.0	0.0	0.0
9.4	0.0	0.0	0.0	0.0
9.5	0.0	0.0	0.0	0.0
9.600000000000001	0.0	0.0	0.0	0.0
9.7	0.0	0.0	0.0	0.0
9.8	0.0	0.0	0.0	0.0
9.9	0.0	0.0	0.0	0.0
