set set_test
0 1
0 1 2
1 2
1 2 3
2 3
3 4
4 5
6 7
6 7 8
7 8
7 8 9
8 9
8 9 10
9 10
9 10 11
10 11
12 13
12 13 14
12 13 14 15
13 14
13 14 15
13 14 15 16
14 15
14 15 16
15 16
15 16 17
16 17
18 19
18 19 20
18 19 20 21
18 19 20 21 22
18 19 20 21 22 23
19 20
19 20 21
19 20 21 22
19 20 21 22 23
20 21
20 21 22
20 21 22 23
21 22
21 22 23
22 23
24 25
24 25 26
24 25 26 27
24 25 26 27 28
24 25 26 27 28 29
25 26
25 26 27
25 26 27 28
25 26 27 28 29
26 27
26 27 28
26 27 28 29
27 28
27 28 29
28 29
30 31
30 31 32
30 31 32 33
30 31 32 33 34
30 31 32 33 34 35
31 32
31 32 33
31 32 33 34
31 32 33 34 35
32 33
32 33 34
32 33 34 35
33 34
33 34 35
34 35
36 37
36 37 38
36 37 38 39
36 37 38 39 40
36 37 38 39 40 41
37 38
37 38 39
37 38 39 40
37 38 39 40 41
38 39
38 39 40
38 39 40 41
39 40
39 40 41
40 41
42 43
42 43 44
42 43 44 45
43 44
43 44 45
43 44 45 46
44 45
44 45 46
44 45 46 47
45 46
45 46 47
46 47
48 49
48 49 50
48 49 50 51
48 49 50 51 52
49 50
49 50 51
49 50 51 52
50 51
50 51 52
51 52
53 54
53 54 55
53 54 55 56
53 54 55 56 57
54 55
54 55 56
54 55 56 57
55 56
55 56 57
56 57
58 59
58 59 60
58 59 60 61
58 59 60 61 62
58 59 60 61 62 63
59 60
59 60 61
59 60 61 62
59 60 61 62 63
60 61
60 61 62
60 61 62 63
61 62
61 62 63
62 63
64 65
64 65 66
65 66
67 68
69 70
69 70 71
70 71
72 73
75 76
75 76 77
75 76 77 78
76 77
76 77 78
77 78
79 80
79 80 81
80 81
82 83
85 86
87 88
87 88 89
87 88 89 90
88 89
88 89 90
89 90
91 92
91 92 93
92 93
94 95
94 95 96
94 95 96 97
95 96
95 96 97
96 97
98 99
98 99 100
98 99 100 101
98 99 100 101 102
99 100
99 100 101
99 100 101 102
100 101
100 101 102
101 102
103 104
105 106
105 106 107
105 106 107 108
106 107
106 107 108
107 108
109 110
109 110 111
110 111
112 113
112 113 114
113 114
115 116
115 116 117
116 117
118 119
118 119 120
118 119 120 121
118 119 120 121 122
119 120
119 120 121
119 120 121 122
120 121
120 121 122
121 122
123 124
123 124 125
123 124 125 126
123 124 125 126 127
123 124 125 126 127 128
124 125
124 125 126
124 125 126 127
124 125 126 127 128
125 126
125 126 127
125 126 127 128
126 127
126 127 128
127 128
129 130
129 130 131
130 131
132 133
132 133 134
132 133 134 135
133 134
133 134 135
134 135
136 137
136 137 138
136 137 138 139
137 138
137 138 139
138 139
140 141
142 143
144 145
146 147
146 147 148
147 148
149 150
149 150 151
150 151
152 153
152 153 154
153 154
156 157
158 159
158 159 160
159 160
162 163
162 163 164
163 164
165 166
165 166 167
165 166 167 168
165 166 167 168 169
165 166 167 168 169 170
166 167
166 167 168
166 167 168 169
166 167 168 169 170
167 168
167 168 169
167 168 169 170
168 169
168 169 170
169 170
171 172
171 172 173
171 172 173 174
171 172 173 174 175
171 172 173 174 175 176
172 173
172 173 174
172 173 174 175
172 173 174 175 176
173 174
173 174 175
173 174 175 176
174 175
174 175 176
175 176
177 178
177 178 179
177 178 179 180
177 178 179 180 181
178 179
178 179 180
178 179 180 181
179 180
179 180 181
180 181
182 183
182 183 184
182 183 184 185
182 183 184 185 186
182 183 184 185 186 187
183 184
183 184 185
183 184 185 186
183 184 185 186 187
184 185
184 185 186
184 185 186 187
185 186
185 186 187
186 187
189 190
189 190 191
190 191
192 193
192 193 194
193 194
196 197
196 197 198
197 198
199 200
199 200 201
200 201
202 203
202 203 204
203 204
205 206
205 206 207
206 207
208 209
208 209 210
209 210
211 212
211 212 213
212 213
214 215
214 215 216
214 215 216 217
214 215 216 217 218
215 216
215 216 217
215 216 217 218
216 217
216 217 218
217 218
219 220
219 220 221
219 220 221 222
219 220 221 222 223
219 220 221 222 223 224
220 221
220 221 222
220 221 222 223
220 221 222 223 224
221 222
221 222 223
221 222 223 224
222 223
222 223 224
223 224
225 226
228 229
231 232
231 232 233
231 232 233 234
232 233
232 233 234
233 234
235 236
235 236 237
235 236 237 238
236 237
236 237 238
237 238
240 241
240 241 242
241 242
243 244
243 244 245
244 245
246 247
248 249
248 249 250
249 250
251 252
251 252 253
251 252 253 254
251 252 253 254 255
251 252 253 254 255 256
252 253
252 253 254
252 253 254 255
252 253 254 255 256
253 254
253 254 255
253 254 255 256
254 255
254 255 256
255 256
257 258
257 258 259
257 258 259 260
257 258 259 260 261
257 258 259 260 261 262
258 259
258 259 260
258 259 260 261
258 259 260 261 262
259 260
259 260 261
259 260 261 262
260 261
260 261 262
261 262
0 11
0 10 11
0 1 11
6 17
18 30
18 30 31
18 30 31 32
18 30 31 32 33
18 30 31 32 33 34
18 30 31 32 33 34 35
18 19 30
18 19 30 31
18 19 30 31 32
18 19 30 31 32 33
18 19 30 31 32 33 34
18 19 30 31 32 33 34 35
18 19 20 30
18 19 20 30 31
18 19 20 30 31 32
18 19 20 30 31 32 33
18 19 20 30 31 32 33 34
18 19 20 30 31 32 33 34 35
18 19 20 21 30
18 19 20 21 30 31
18 19 20 21 30 31 32
18 19 20 21 30 31 32 33
18 19 20 21 30 31 32 33 34
18 19 20 21 30 31 32 33 34 35
18 19 20 21 22 30
18 19 20 21 22 30 31
18 19 20 21 22 30 31 32
18 19 20 21 22 23 30
18 19 20 21 22 23 30 31
18 31
18 31 32
18 31 32 33
18 31 32 33 34
18 31 32 33 34 35
18 19 31
18 19 31 32
18 19 31 32 33
18 19 31 32 33 34
18 19 31 32 33 34 35
18 19 20 31
18 19 20 31 32
18 19 20 31 32 33
18 19 20 31 32 33 34
18 19 20 31 32 33 34 35
18 19 20 21 31 32 33 34 35
18 19 20 21 22 31 32 33
18 19 20 21 22 23 31 32
18 42
18 42 43
18 42 43 44
18 19 42
18 19 20 42 43
18 19 20 21 22 42
18 30 42
18 30 42 43
18 30 42 43 44
18 30 31 42
18 30 31 42 43
18 30 31 42 43 44
18 30 31 32 42
18 30 31 32 33 42 43
18 30 31 32 33 34 42
18 30 31 32 33 34 42 43
18 30 31 32 33 34 35 42
18 30 31 32 33 34 35 42 43
18 31 42
18 31 42 43
19 30
19 30 31
19 30 31 32
19 30 31 32 33
19 30 31 32 33 34
19 30 31 32 33 34 35
19 20 30
19 20 30 31
19 20 21 30
19 20 21 22 30
19 31
19 31 32
19 31 32 33
19 31 32 33 34
19 20 31
19 20 31 32
19 20 21 22 31 32 33 34 35
19 32
19 32 33
19 32 33 34
19 32 33 34 35
18 19 32
19 20 32
19 20 32 33 34 35
19 20 21 32 33 34 35
19 20 21 22 32 33 34 35
19 20 21 22 23 32 33 34 35
19 30 32
19 30 32 33
20 31
20 30 31
20 30 31 32
20 31 32
20 31 32 33
20 31 32 33 34 35
18 20 30 31
20 21 31
20 21 22 31
20 21 22 23 31
20 21 22 23 31 32 33 34 35
20 32
20 32 33
20 21 32
20 21 32 33 34
20 21 22 32
20 21 22 32 33 34 35
20 33
20 33 34
20 33 34 35
19 20 33
20 21 33 34
20 21 33 34 35
20 21 22 23 33 34 35
20 31 33
21 32
21 32 33 34
19 21 32
21 22 32
21 22 23 32
21 33
21 33 34
21 33 34 35
20 21 33
21 22 33
21 22 33 34 35
21 22 23 33
23 24
23 24 25
23 24 25 26
23 24 25 26 27
23 24 25 26 27 28
23 24 25 26 27 28 29
19 20 21 22 23 24 25
20 21 22 23 24
20 21 22 23 24 25
21 22 23 24
21 22 23 24 25
21 22 23 24 25 26
22 23 24
22 23 24 25
22 23 24 25 26
22 23 24 25 26 27
21 22 23 24 25 26 32
21 22 23 24 25 26 33
30 42
30 42 43
30 42 43 44
30 31 42
30 31 42 43
19 30 42
35 41
35 36 37 38 39 40 41
35 37 38 39 40 41
35 38 39 40 41
35 39 40 41
35 40 41
30 31 32 33 34 35 36 37 38 39 40 41
30 31 32 33 34 35 37 38 39 40 41
30 31 32 33 34 35 38 39 40 41
30 31 32 33 34 35 39 40 41
31 32 33 34 35 36 37 38 39 40 41
31 32 33 34 35 37 38 39 40 41
31 32 33 34 35 38 39 40 41
32 33 34 35 36 37 38 39 40 41
32 33 34 35 37 38 39 40 41
32 33 34 35 39 40 41
32 33 34 35 40 41
33 34 35 41
33 34 35 36 37 38 39 40 41
33 34 35 37 38 39 40 41
33 34 35 38 39 40 41
33 34 35 39 40 41
33 34 35 40 41
34 35 41
34 35 36 37 38 39 40 41
34 35 37 38 39 40 41
34 35 38 39 40 41
34 35 39 40 41
34 35 40 41
18 30 31 32 33 34 35 37 38 39 40 41
18 31 32 33 34 35 37 38 39 40 41
19 32 33 34 35 36 37 38 39 40 41
36 85
36 85 86
36 37 85
36 37 85 86
36 37 38 85
36 37 38 85 86
36 37 38 39 85
36 37 38 39 85 86
36 37 38 39 40 85
36 37 38 39 40 85 86
36 37 38 39 40 41 85
36 37 38 39 40 41 85 86
35 36 37 38 39 40 41 85 86
31 32 33 34 35 36 37 38 39 40 41 85
32 33 34 35 36 37 38 39 40 41 85 86
34 35 36 37 38 39 40 41 85 86
20 33 34 35 36 37 38 39 40 41 85
48 234
48 231 232 233 234
48 232 233 234
48 233 234
48 49 234
48 49 231 232 233 234
48 49 232 233 234
48 49 233 234
48 49 50 234
48 49 50 231 232 233 234
48 49 50 232 233 234
48 49 50 233 234
48 49 50 51 234
48 49 50 51 231 232 233 234
48 49 50 51 232 233 234
48 49 50 51 233 234
48 49 50 51 52 234
48 49 50 51 52 231 232 233 234
48 49 50 51 52 232 233 234
48 49 50 51 52 233 234
53 231
53 231 232
53 231 232 233
53 231 232 233 234
48 53 231 232 233 234
48 49 53 231 232 233 234
48 49 50 53 231 232 233 234
48 49 50 51 53 231 232 233 234
48 49 50 51 52 53 231 232 233 234
53 54 231
53 54 231 232
53 54 231 232 233
53 54 231 232 233 234
48 53 54 231 232 233 234
48 49 53 54 231 232 233 234
48 49 50 53 54 231 232 233 234
48 49 50 51 53 54 231 232 233 234
48 49 50 51 52 53 54 231 232 233 234
53 54 55 231
53 54 55 231 232
53 54 55 231 232 233
53 54 55 231 232 233 234
48 53 54 55 231 232 233 234
48 49 53 54 55 231 232 233 234
48 49 50 53 54 55 231 232 233 234
48 49 50 51 53 54 55 231 232 233 234
48 49 50 51 52 53 54 55 231 232 233 234
53 54 55 56 231
53 54 55 56 231 232
53 54 55 56 231 232 233
53 54 55 56 231 232 233 234
48 53 54 55 56 231 232 233 234
48 49 53 54 55 56 231 232 233 234
48 49 50 53 54 55 56 231 232 233 234
48 49 50 51 53 54 55 56 231 232 233 234
48 49 50 51 52 53 54 55 56 231 232 233 234
53 54 55 56 57 231
53 54 55 56 57 231 232
53 54 55 56 57 231 232 233
48 53 54 55 56 57 231 232 233 234
48 49 53 54 55 56 57 231 232 233 234
48 49 50 53 54 55 56 57 231 232 233 234
48 49 50 51 53 54 55 56 57 231 232 233 234
48 49 50 51 52 53 54 55 56 57 231 232 233 234
53 232
53 232 233
53 232 233 234
48 53 232 233 234
53 54 232
53 54 232 233
53 54 232 233 234
53 54 55 232
53 54 55 232 233
53 54 55 56 232
53 54 55 56 232 233
53 54 55 56 57 232
53 54 55 56 57 232 233
53 239
53 54 239
53 54 55 239
53 54 55 56 239
53 54 55 56 57 239
53 231 239
53 231 232 239
53 54 231 239
53 54 55 56 231 232 233 239
48 49 50 51 53 54 55 56 231 232 233 234 239
48 49 50 51 52 53 54 55 56 231 232 233 234 239
53 54 55 56 57 231 239
53 54 55 56 57 231 232 233 239
48 49 50 53 54 55 56 57 231 232 233 234 239
48 49 50 51 53 54 55 56 57 231 232 233 234 239
48 49 50 51 52 53 54 55 56 57 231 232 233 234 239
53 232 239
53 54 55 56 57 232 239
54 231
54 231 232
54 231 232 233
54 55 231
54 55 231 232
54 55 56 231
54 55 56 231 232
54 55 56 57 231
48 49 50 51 53 54 55 231 232 233 234 239
48 49 50 51 52 53 54 55 231 232 233 234 239
53 54 55 56 57 231 232 239
54 232
54 232 233
54 232 233 234
54 55 232
54 233
54 233 234
48 49 50 51 52 54 233 234
53 54 233
54 55 233
54 55 56 233
54 55 56 233 234
54 231 233
54 239
54 55 239
54 55 56 57 239
53 54 55 56 231 239
54 55 56 57 231 239
55 232
55 231 232
55 232 233
55 56 232
55 56 57 232
48 49 50 53 54 55 231 232 233 234 239
55 233
55 233 234
48 55 233 234
55 56 233
55 56 57 233
55 56 57 233 234
48 49 50 51 52 55 56 57 233 234
48 49 50 51 52 54 55 56 57 233 234 239
55 234
48 55 234
48 49 55 234
48 49 50 55 234
48 49 50 51 55 234
48 49 50 51 52 55 234
54 55 234
55 56 234
48 55 56 234
48 49 50 51 52 53 54 55 56 232 233 234
48 49 50 53 54 55 56 231 232 233 234 239
48 49 53 54 55 56 57 231 232 233 234 239
55 232 234
55 239
53 54 55 231 239
55 56 57 239
55 233 239
55 234 239
48 49 50 51 52 53 54 55 56 232 233 234 239
56 233
56 233 234
56 57 233
56 234
48 56 234
48 49 56 234
48 49 50 51 56 234
56 57 234
48 49 53 54 55 56 231 232 233 234 239
48 53 54 55 56 57 231 232 233 234 239
54 55 56 57 234 239
57 98
57 98 99
57 98 99 100
57 98 99 100 101
57 98 99 100 101 102
53 54 55 56 57 98 99
53 54 55 56 57 98 99 100
53 54 55 56 57 98 99 100 101
53 54 55 56 57 98 99 100 101 102
54 55 56 57 98 99 100
54 55 56 57 98 99 100 101
55 56 57 98
55 56 57 98 99
55 56 57 98 99 100
55 56 57 98 99 100 101
55 56 57 98 99 100 101 102
56 57 98
56 57 98 99
56 57 98 99 100
56 57 98 99 100 101
56 57 98 99 100 101 102
53 54 55 56 57 98 99 100 101 102 231
53 54 55 56 57 98 99 100 101 231 232
48 53 54 55 56 57 98 99 100 101 231 232 233 234
48 53 54 55 56 57 98 99 100 101 102 231 232 233 234
48 49 50 53 54 55 56 57 98 99 100 101 102 231 232 233 234
48 49 50 51 53 54 55 56 57 98 99 100 101 231 232 233 234
48 49 50 51 53 54 55 56 57 98 99 100 101 102 231 232 233 234
48 49 50 51 52 53 54 55 56 57 98 99 100 231 232 233 234
48 49 50 51 52 53 54 55 56 57 98 99 100 101 231 232 233 234
53 54 55 56 57 98 99 100 101 102 232
53 54 55 56 57 98 99 100 101 102 239
53 54 55 56 57 98 99 100 101 231 232 233 239
54 55 56 57 98 99 100 101 102 239
55 56 57 98 233
48 49 50 51 52 54 55 56 57 98 99 100 101 102 233 234 239
55 56 57 98 99 100 101 102 239
56 57 98 233
56 57 98 99 100 101 102 233
54 55 56 57 98 99 100 101 102 234 239
58 176
58 171 172 173 174 175 176
58 172 173 174 175 176
58 173 174 175 176
58 174 175 176
58 175 176
58 59 176
58 59 171 172 173 174 175 176
58 59 172 173 174 175 176
58 59 173 174 175 176
58 59 174 175 176
58 59 175 176
58 59 60 176
58 59 60 171 172 173 174 175 176
58 59 60 172 173 174 175 176
58 59 60 173 174 175 176
58 59 60 174 175 176
58 59 60 175 176
58 59 60 61 176
58 59 60 61 171 172 173 174 175 176
58 59 60 61 172 173 174 175 176
58 59 60 61 173 174 175 176
58 59 60 61 174 175 176
58 59 60 61 175 176
58 59 60 61 62 176
58 59 60 61 62 171 172 173 174 175 176
58 59 60 61 62 172 173 174 175 176
58 59 60 61 62 173 174 175 176
58 59 60 61 62 174 175 176
58 59 60 61 62 175 176
58 59 60 61 62 63 176
58 59 60 61 62 63 171 172 173 174 175 176
58 59 60 61 62 63 172 173 174 175 176
58 59 60 61 62 63 173 174 175 176
58 59 60 61 62 63 174 175 176
58 59 60 61 62 63 175 176
63 250
63 248 249 250
63 249 250
58 59 60 61 62 63 250
58 59 60 61 62 63 248 249 250
58 59 60 61 62 63 249 250
59 60 61 62 63 250
59 60 61 62 63 248 249 250
59 60 61 62 63 249 250
60 61 62 63 250
60 61 62 63 248 249 250
60 61 62 63 249 250
61 62 63 250
61 62 63 248 249 250
61 62 63 249 250
62 63 250
62 63 248 249 250
62 63 249 250
58 59 60 61 62 63 176 250
58 59 60 61 62 63 176 248 249 250
58 59 60 61 62 63 171 172 173 174 175 176 250
58 59 60 61 62 63 171 172 173 174 175 176 248 249 250
58 59 60 61 62 63 171 172 173 174 175 176 249 250
58 59 60 61 62 63 172 173 174 175 176 250
58 59 60 61 62 63 172 173 174 175 176 248 249 250
58 59 60 61 62 63 172 173 174 175 176 249 250
58 59 60 61 62 63 173 174 175 176 250
58 59 60 61 62 63 173 174 175 176 248 249 250
58 59 60 61 62 63 175 176 248 249 250
67 74
67 68 74
68 246
68 246 247
67 68 246
67 68 246 247
67 68 74 246
67 68 74 246 247
68 74
68 74 246
68 74 246 247
71 79
71 79 80
71 79 80 81
69 70 71 79
69 70 71 79 80
69 70 71 79 80 81
70 71 79
70 71 79 80
70 71 79 80 81
72 146
72 146 147
72 146 147 148
72 73 146
72 73 146 147
72 73 146 147 148
72 77
72 75 76 77
72 75 76 77 78
72 76 77
72 76 77 78
72 77 78
72 73 77
72 73 75 76 77
72 73 75 76 77 78
72 73 76 77
72 73 76 77 78
72 73 77 78
72 77 146
72 75 76 77 146
72 75 76 77 78 146
72 76 77 146
72 76 77 78 146
72 77 78 146
72 77 146 147
72 75 76 77 146 147
72 75 76 77 78 146 147
72 76 77 146 147
72 76 77 78 146 147
72 77 78 146 147
72 77 146 147 148
72 75 76 77 146 147 148
72 75 76 77 78 146 147 148
72 76 77 146 147 148
72 76 77 78 146 147 148
72 77 78 146 147 148
72 73 77 146
72 73 75 76 77 78 146
72 73 76 77 78 146
72 73 75 76 77 146 147
72 73 75 76 77 78 146 147
72 73 76 77 146 147
72 73 76 77 78 146 147
72 73 77 78 146 147
72 73 75 76 77 146 147 148
72 73 75 76 77 78 146 147 148
72 73 76 77 78 146 147 148
72 247
72 246 247
68 72 246 247
67 68 72 246 247
67 68 72 74 246 247
68 72 74 246 247
72 73 247
72 73 246 247
68 72 73 246 247
67 68 72 73 246 247
67 68 72 73 74 246 247
68 72 73 74 246 247
72 146 247
72 146 246 247
67 68 72 146 246 247
67 68 72 74 146 246 247
72 146 147 247
67 68 72 146 147 246 247
67 68 72 74 146 147 246 247
68 72 74 146 147 246 247
72 146 147 148 247
67 68 72 146 147 148 246 247
67 68 72 74 146 147 148 246 247
68 72 74 146 147 148 246 247
67 68 72 73 74 146 246 247
67 68 72 73 146 147 246 247
67 68 72 73 74 146 147 246 247
68 72 73 74 146 147 246 247
67 68 72 73 146 147 148 246 247
67 68 72 73 74 146 147 148 246 247
68 72 73 74 146 147 148 246 247
72 77 247
67 68 72 74 77 246 247
68 72 74 77 246 247
67 68 72 75 76 77 246 247
67 68 72 74 75 76 77 246 247
67 68 72 74 75 76 77 78 246 247
67 68 72 74 76 77 78 246 247
72 73 75 76 77 78 246 247
68 72 73 75 76 77 78 246 247
67 68 72 73 74 75 76 77 78 246 247
67 68 72 74 75 76 77 146 147 246 247
67 68 72 74 75 76 77 78 146 147 246 247
67 68 72 74 76 77 78 146 147 246 247
67 68 72 74 75 76 77 146 147 148 246 247
72 75 76 77 78 146 147 148 246 247
67 68 72 75 76 77 78 146 147 148 246 247
67 68 72 74 75 76 77 78 146 147 148 246 247
68 72 74 75 76 77 78 146 147 148 246 247
67 68 72 73 75 76 77 78 146 246 247
67 68 72 73 74 75 76 77 78 146 147 148 246 247
73 74
67 73 74
67 68 73 74
67 68 73 74 246
68 73 74
68 73 74 246
68 73 74 246 247
72 73 74
67 72 73 74
67 68 72 73 74 75 76 77 78 146 147 246 247
67 68 72 73 74 75 76 77 146 147 246 247
67 68 72 73 74 76 77 78 146 147 246 247
67 68 72 73 74 75 76 77 146 147 148 246 247
68 72 73 74 75 76 77 78 146 147 148 246 247
67 68 72 73 74 76 77 78 146 147 148 246 247
67 72 73 74 77
67 72 73 74 75 76 77 78
67 68 72 73 74 76 77 78 246 247
72 73 74 75 76 77 78 146 147 148
67 72 73 74 247
68 72 73 74 247
67 68 72 73 74 75 76 77 78 146 246 247
73 77
73 75 76 77
73 76 77
67 68 72 73 75 76 77 78 146 147 148 246 247
67 68 72 73 74 75 76 77 146 246 247
67 68 72 73 74 76 77 78 146 246 247
67 68 72 73 74 77 146 147 246 247
67 68 72 73 74 77 146 147 148 246 247
67 73 74 75 76 77 78
73 246
73 246 247
68 73 246
72 73 246
72 73 75 76 77 78 146 147 148 246 247
73 74 246
73 74 246 247
72 73 74 75 76 77 78 146 147 148 246 247
73 247
73 74 247
67 72 73 74 75 76 77 78 146 147 148 246 247
75 242
75 240 241 242
75 241 242
75 76 242
75 76 240 241 242
75 76 241 242
75 76 77 242
75 76 77 240 241 242
75 76 77 241 242
75 76 77 78 242
75 76 77 78 240 241 242
75 76 77 78 241 242
72 75 76 77 78 240 241 242
72 73 75 76 77 78 240 241 242
72 75 76 77 78 146 147 240 241 242
72 73 75 76 77 78 146 147 240 241 242
72 73 75 76 77 78 146 147 148 240 241 242
67 68 72 73 74 75 76 77 78 240 241 242 246 247
67 68 72 73 74 75 76 77 78 146 147 148 240 241 242 246 247
67 68 72 73 74 75 76 77 78 146 147 240 241 242 246 247
67 72 73 74 75 76 77 78 240 241 242
73 75 76 77 240 241 242
67 73 74 75 76 77 78 241 242
72 73 74 75 76 77 78 146 147 148 240 241 242 246 247
67 72 73 74 75 76 77 78 146 147 148 240 241 242 246 247
67 72 73 74 75 76 77 78 146 147 148 241 242 246 247
76 242
76 240 241 242
76 241 242
76 77 242
76 77 240 241 242
76 77 241 242
76 77 78 240 241 242
72 76 77 242
73 76 77 240 241 242
67 68 72 73 75 76 77 78 146 147 148 240 241 242 246 247
67 68 72 73 74 75 76 77 146 240 241 242 246 247
67 68 72 73 74 76 77 78 146 240 241 242 246 247
67 68 72 73 74 75 76 77 78 146 240 241 242 246 247
67 68 72 77 246 247
72 77 146 246 247
73 75 76 77 247
67 72 73 74 75 76 77 78 146 147 240 241 242
73 74 76 77 78 240 241 242
78 243
78 243 244
78 243 244 245
75 76 77 78 243 244 245
76 77 78 243
76 77 78 243 244 245
77 78 243
77 78 243 244
77 78 243 244 245
72 73 77 78 243 244 245
67 68 72 73 74 75 76 77 78 146 147 148 243 244 245 246 247
67 68 72 73 74 76 77 78 146 243 244 245 246 247
72 73 74 75 76 77 78 146 147 148 243 244 245 246 247
67 72 73 74 75 76 77 78 146 147 148 243 244 246 247
75 76 77 78 242 243 244 245
75 76 77 78 240 241 242 243 244
75 76 77 78 240 241 242 243 244 245
75 76 77 78 241 242 243 244 245
72 73 75 76 77 78 240 241 242 243 244
72 73 75 76 77 78 240 241 242 243 244 245
72 73 75 76 77 78 146 147 240 241 242 243 244 245
72 73 75 76 77 78 146 147 148 240 241 242 243 244 245
67 68 72 73 74 75 76 77 78 240 241 242 243 244 246 247
73 74 76 77 78 240 241 242 243 244 245
80 245
80 243 244 245
80 244 245
78 80 243 244 245
75 76 77 78 80 243 244 245
77 78 80 243 244 245
67 68 72 73 74 76 77 78 80 146 243 244 245 246 247
79 80 245
79 80 243 244 245
79 80 244 245
78 79 80 243 244 245
75 76 77 78 79 80 243 244 245
76 77 78 79 80 243 244 245
77 78 79 80 243 244 245
75 76 77 78 79 80 240 241 242 243 244 245
72 73 75 76 77 78 79 80 240 241 242 243 244 245
73 74 76 77 78 79 80 240 241 242 243 244 245
79 80 81 245
79 80 81 243 244 245
79 80 81 244 245
78 79 80 81 243 244 245
75 76 77 78 79 80 81 243 244 245
76 77 78 79 80 81 243 244 245
72 73 75 76 77 78 79 80 81 146 147 148 240 241 242 243 244 245
80 81 245
80 81 243 244 245
80 81 244 245
78 80 81 243 244 245
71 79 80 245
71 79 80 243 244 245
71 79 80 244 245
71 78 79 80 243 244 245
71 77 78 79 80 243 244 245
71 75 76 77 78 79 80 240 241 242 243 244 245
71 72 73 75 76 77 78 79 80 146 147 240 241 242 243 244 245
71 79 80 81 245
71 79 80 81 243 244 245
71 79 80 81 244 245
71 78 79 80 81 243 244 245
71 72 73 77 78 79 80 81 243 244 245
69 70 71 79 80 245
69 70 71 79 80 243 244 245
69 70 71 79 80 244 245
69 70 71 78 79 80 243 244 245
69 70 71 75 76 77 78 79 80 243 244 245
69 70 71 77 78 79 80 243 244 245
67 68 69 70 71 72 73 74 75 76 77 78 79 80 146 147 148 243 244 245 246 247
69 70 71 75 76 77 78 79 80 240 241 242 243 244 245
69 70 71 72 73 75 76 77 78 79 80 240 241 242 243 244 245
69 70 71 73 74 76 77 78 79 80 240 241 242 243 244 245
69 70 71 79 80 81 245
69 70 71 79 80 81 243 244 245
69 70 71 79 80 81 244 245
69 70 71 77 78 79 80 81 243 244 245
69 70 71 75 76 77 78 79 80 81 242 243 244 245
69 70 71 73 74 76 77 78 79 80 81 240 241 242 243 244 245
67 68 70 71 72 73 74 75 76 77 78 79 80 146 147 148 243 244 245 246 247
81 245
81 243 244 245
81 244 245
67 68 72 73 74 76 77 78 81 146 243 244 245 246 247
69 70 71 78 79 80 81 243 244 245
69 70 71 75 76 77 78 79 80 81 243 244 245
71 72 73 75 76 77 78 79 80 81 146 147 240 241 242 243 244 245
70 71 79 80 81 245
70 71 79 80 81 243 244 245
81 94
81 94 95
81 94 95 96
81 94 95 96 97
79 80 81 94
79 80 81 94 95
79 80 81 94 95 96
79 80 81 94 95 96 97
80 81 94
80 81 94 95
80 81 94 95 96
80 81 94 95 96 97
71 79 80 81 94
71 79 80 81 94 95
71 79 80 81 94 95 96
71 79 80 81 94 95 96 97
69 70 71 79 80 81 94
69 70 71 79 80 81 94 95
69 70 71 79 80 81 94 95 96
69 70 71 79 80 81 94 95 96 97
70 71 79 80 81 94 95 96 97
78 79 80 81 94 95 96 97 243 244 245
80 81 94 245
80 81 94 95 245
80 81 94 95 96 245
80 81 94 95 96 97 245
80 81 94 95 96 97 244 245
71 79 80 81 94 95 96 97 243 244 245
71 79 80 81 94 95 96 97 244 245
71 72 73 77 78 79 80 81 94 95 96 243 244 245
71 72 73 77 78 79 80 81 94 95 96 97 243 244 245
69 70 71 79 80 81 94 95 243 244 245
69 70 71 79 80 81 94 95 96 243 244 245
69 70 71 75 76 77 78 79 80 81 94 95 96 97 242 243 244 245
69 70 71 73 74 76 77 78 79 80 81 94 95 96 240 241 242 243 244 245
81 94 245
81 94 95 245
81 94 95 96 245
81 94 95 96 97 245
81 94 244 245
81 94 95 96 97 244 245
69 70 71 78 79 80 81 94 243 244 245
69 70 71 75 76 77 78 79 80 81 94 95 243 244 245
69 70 71 75 76 77 78 79 80 81 94 95 96 97 243 244 245
70 71 79 80 81 94 95 96 97 245
83 84
82 83 84
84 144
84 144 145
83 84 144
83 84 144 145
82 83 84 144
82 83 84 144 145
84 145
83 84 145
82 83 84 145
86 87
86 87 88
86 87 88 89
86 87 88 89 90
85 86 87
85 86 87 88
85 86 87 88 89
85 86 87 88 89 90
36 85 86 87
36 85 86 87 88
36 85 86 87 88 89
36 85 86 87 88 89 90
36 37 85 86 87
36 37 85 86 87 88
36 37 85 86 87 88 89
36 37 85 86 87 88 89 90
36 37 38 85 86 87
36 37 38 85 86 87 88
36 37 38 85 86 87 88 89
36 37 38 85 86 87 88 89 90
36 37 38 39 85 86 87 88
36 37 38 39 85 86 87 88 89
36 37 38 39 85 86 87 88 89 90
36 37 38 39 40 85 86 87 88 89
36 37 38 39 40 85 86 87 88 89 90
36 37 38 39 40 41 85 86 87 88
36 37 38 39 40 41 85 86 87 88 89 90
32 33 34 35 36 37 38 39 40 41 85 86 87
34 35 36 37 38 39 40 41 85 86 87 88 89 90
89 91
89 91 92
89 91 92 93
87 88 89 91
87 88 89 91 92
87 88 89 91 92 93
87 88 89 90 91
87 88 89 90 91 92
87 88 89 90 91 92 93
88 89 91
88 89 91 92
88 89 91 92 93
88 89 90 91
88 89 90 91 92
88 89 90 91 92 93
89 90 91
89 90 91 92
89 90 91 92 93
86 87 88 89 91
86 87 88 89 91 92
86 87 88 89 91 92 93
86 87 88 89 90 91
86 87 88 89 90 91 92
86 87 88 89 90 91 92 93
85 86 87 88 89 91
85 86 87 88 89 91 92
85 86 87 88 89 91 92 93
85 86 87 88 89 90 91 92 93
36 85 86 87 88 89 91
36 85 86 87 88 89 91 92
36 85 86 87 88 89 91 92 93
36 85 86 87 88 89 90 91
36 85 86 87 88 89 90 91 92
36 85 86 87 88 89 90 91 92 93
36 37 85 86 87 88 89 91 92 93
36 37 85 86 87 88 89 90 91 92 93
36 37 38 85 86 87 88 89 91
36 37 38 85 86 87 88 89 91 92 93
36 37 38 39 85 86 87 88 89 91 92
36 37 38 39 85 86 87 88 89 91 92 93
36 37 38 39 40 41 85 86 87 88 89 90 91 92
36 37 38 39 40 41 85 86 87 88 89 90 91 92 93
90 145
90 144 145
84 90 144 145
83 84 90 144 145
82 83 84 90 144 145
84 90 145
83 84 90 145
82 83 84 90 145
87 88 89 90 145
87 88 89 90 144 145
84 87 88 89 90 144 145
83 84 87 88 89 90 144 145
82 83 84 87 88 89 90 144 145
84 87 88 89 90 145
83 84 87 88 89 90 145
82 83 84 87 88 89 90 145
88 89 90 145
88 89 90 144 145
84 88 89 90 144 145
83 84 88 89 90 144 145
82 83 84 88 89 90 144 145
82 83 84 88 89 90 145
89 90 145
89 90 144 145
84 89 90 144 145
83 84 89 90 144 145
82 83 84 89 90 144 145
82 83 84 89 90 145
83 84 86 87 88 89 90 144 145
82 83 84 86 87 88 89 90 144 145
83 84 85 86 87 88 89 90 144 145
82 83 84 85 86 87 88 89 90 144 145
82 83 84 85 86 87 88 89 90 145
36 82 83 84 85 86 87 88 89 90 144 145
36 82 83 84 85 86 87 88 89 90 145
36 37 84 85 86 87 88 89 90 144 145
36 37 83 84 85 86 87 88 89 90 145
36 37 38 84 85 86 87 88 89 90 144 145
36 37 38 83 84 85 86 87 88 89 90 144 145
36 37 38 82 83 84 85 86 87 88 89 90 144 145
36 37 38 83 84 85 86 87 88 89 90 145
36 37 38 39 82 83 84 85 86 87 88 89 90 144 145
36 37 38 39 40 84 85 86 87 88 89 90 144 145
36 37 38 39 40 83 84 85 86 87 88 89 90 144 145
36 37 38 39 40 82 83 84 85 86 87 88 89 90 145
82 83 84 87 88 89 90 91 144 145
83 84 87 88 89 90 91 92 144 145
87 88 89 90 91 92 93 145
82 83 84 87 88 89 90 91 92 93 144 145
84 88 89 90 91 92 93 144 145
83 84 89 90 91 92 93 144 145
82 83 84 86 87 88 89 90 91 92 93 144 145
82 83 84 85 86 87 88 89 90 91 92 93 144 145
36 82 83 84 85 86 87 88 89 90 91 92 93 144 145
36 82 83 84 85 86 87 88 89 90 91 92 93 145
90 91
90 91 92
90 91 92 93
36 37 38 39 85 86 87 88 89 90 91 92 93
90 91 145
90 91 92 145
90 91 92 93 145
90 91 144 145
90 91 92 144 145
90 91 92 93 144 145
84 90 91 92 93 144 145
36 37 38 39 84 85 86 87 88 89 90 91 92 144 145
83 84 90 91 92 93 144 145
36 37 38 39 83 84 85 86 87 88 89 90 91 92 93 144 145
82 83 84 90 91 92 93 144 145
85 86 87 88 89 90 91 92 144 145
36 37 82 83 84 85 86 87 88 89 90 91 92 93 145
36 37 85 86 87 88 89 90 91 92 93 144 145
82 83 84 88 89 90 91 92 93 144 145
82 83 84 89 90 91 92 144 145
91 142
91 142 143
91 92 142
91 92 142 143
91 92 93 142
91 92 93 142 143
89 91 142
89 91 142 143
89 91 92 142 143
89 91 92 93 142 143
87 88 89 91 142
89 90 91 142
86 87 88 89 91 142
83 84 89 90 91 92 93 142 143 144 145
90 91 142
90 91 142 143
90 91 92 93 142 143
90 91 92 93 142 143 145
90 91 92 142 143 144 145
84 90 91 92 93 142 143 144 145
82 83 84 90 91 92 93 142 143 144 145
85 86 87 88 89 90 91 92 142 144 145
91 145
91 92 145
89 91 145
36 84 85 86 87 88 89 90 91 92 145
82 83 84 91 142 144 145
91 142 143 145
91 142 143 144 145
82 83 84 91 142 143 144 145
36 82 83 84 85 86 87 88 89 90 91 92 142 143 145
36 37 38 83 84 85 86 87 88 89 90 91 92 142 143 144 145
82 83 84 91 92 93 142 143 144 145
82 83 84 89 90 91 92 93 142 143 144 145
82 83 84 87 88 89 90 91 92 93 142 143 144 145
82 83 84 88 89 90 91 92 93 142 143 144 145
82 83 84 90 91 142 143 144 145
92 145
92 144 145
84 92 144 145
82 83 84 92 145
90 92 145
90 92 144 145
91 92 93 142 143 144 145
92 93 145
92 93 144 145
84 92 93 145
90 92 93 144 145
82 83 84 90 91 92 142 143 144 145
93 129
93 129 130
93 129 130 131
91 92 93 129
91 92 93 129 130
91 92 93 129 130 131
92 93 129
92 93 129 130
92 93 129 130 131
87 88 89 91 92 93 129 130 131
36 37 38 39 85 86 87 88 89 91 92 93 129 130 131
90 91 92 93 129 130 131
91 92 93 129 130 131 142
91 92 93 129 130 142 143
91 92 93 129 130 131 142 143
89 91 92 93 129 130 131 142 143
83 84 89 90 91 92 93 129 130 142 143 144 145
90 91 92 93 129 130 131 142 143
90 91 92 93 129 130 131 142 143 145
82 83 84 90 91 92 93 129 130 131 142 143 144 145
82 83 84 89 90 91 92 93 129 130 131 142 143 144 145
82 83 84 87 88 89 90 91 92 93 129 142 143 144 145
91 92 93 129 130 142 143 144 145
92 93 129 130 131 145
97 248
97 248 249
97 248 249 250
63 97 248 249 250
58 59 60 61 62 63 97 248 249 250
59 60 61 62 63 97 248 249 250
60 61 62 63 97 248 249 250
61 62 63 97 248 249 250
62 63 97 248 249 250
58 59 60 61 62 63 97 176 248 249 250
58 59 60 61 62 63 97 171 172 173 174 175 176 248 249 250
58 59 60 61 62 63 97 172 173 174 175 176 248 249 250
94 95 96 97 248
94 95 96 97 248 249
94 95 96 97 248 249 250
63 94 95 96 97 248 249 250
58 59 60 61 62 63 94 95 96 97 248 249 250
60 61 62 63 94 95 96 97 248 249 250
61 62 63 94 95 96 97 248 249 250
62 63 94 95 96 97 248 249 250
58 59 60 61 62 63 94 95 96 97 176 248 249 250
58 59 60 61 62 63 94 95 96 97 171 172 173 174 175 176 248 249 250
58 59 60 61 62 63 94 95 96 97 172 173 174 175 176 248 249 250
58 59 60 61 62 63 94 95 96 97 173 174 175 176 248 249 250
58 59 60 61 62 63 94 95 96 97 175 176 248 249 250
95 96 97 248
95 96 97 248 249
95 96 97 248 249 250
63 95 96 97 248 249 250
60 61 62 63 95 96 97 248 249 250
62 63 95 96 97 248 249 250
58 59 60 61 62 63 95 96 97 171 172 173 174 175 176 248 249 250
58 59 60 61 62 63 95 96 97 172 173 174 175 176 248 249 250
58 59 60 61 62 63 95 96 97 173 174 175 176 248 249 250
96 97 248
96 97 248 249
96 97 248 249 250
63 96 97 248 249 250
62 63 96 97 248 249 250
62 63 81 94 95 96 97 248 249 250
58 59 60 61 62 63 79 80 81 94 95 96 97 173 174 175 176 248 249 250
61 62 63 69 70 71 79 80 81 94 95 96 97 248 249 250
58 59 60 61 62 63 69 70 71 79 80 81 94 95 96 97 176 248 249 250
58 59 60 61 62 63 80 81 94 95 96 97 173 174 175 176 245 248 249 250
58 59 60 61 62 63 71 79 80 81 94 95 96 97 176 244 245 248 249 250
58 59 60 61 62 63 81 94 95 96 97 173 174 175 176 244 245 248 249 250
102 118
102 118 119
102 118 119 120
102 118 119 120 121
102 118 119 120 121 122
98 99 100 101 102 118
98 99 100 101 102 118 119
98 99 100 101 102 118 119 120
98 99 100 101 102 118 119 120 121
98 99 100 101 102 118 119 120 121 122
99 100 101 102 118
99 100 101 102 118 119
99 100 101 102 118 119 120
99 100 101 102 118 119 120 121
99 100 101 102 118 119 120 121 122
100 101 102 118
100 101 102 118 119
100 101 102 118 119 120
100 101 102 118 119 120 121
100 101 102 118 119 120 121 122
101 102 118
101 102 118 119
101 102 118 119 120
101 102 118 119 120 121
101 102 118 119 120 121 122
57 98 99 100 101 102 118 119 120
57 98 99 100 101 102 118 119 120 121 122
53 54 55 56 57 98 99 100 101 102 118 119 120
53 54 55 56 57 98 99 100 101 102 118 119 120 121
53 54 55 56 57 98 99 100 101 102 118 119 120 121 122
55 56 57 98 99 100 101 102 118 119 120
55 56 57 98 99 100 101 102 118 119 120 121
55 56 57 98 99 100 101 102 118 119 120 121 122
56 57 98 99 100 101 102 118 119 120 121 122
48 53 54 55 56 57 98 99 100 101 102 118 119 231 232 233 234
48 53 54 55 56 57 98 99 100 101 102 118 119 120 121 231 232 233 234
55 56 57 98 99 100 101 102 118 119 120 121 122 239
54 55 56 57 98 99 100 101 102 118 119 120 121 122 234 239
109 114
109 112 113 114
109 113 114
109 110 114
109 110 112 113 114
109 110 113 114
109 110 111 114
109 110 111 112 113 114
109 110 111 113 114
109 117
109 115 116 117
109 116 117
109 110 117
109 110 115 116 117
109 110 116 117
109 110 111 117
109 110 111 115 116 117
109 110 111 116 117
109 114 117
109 114 115 116 117
109 114 116 117
109 112 113 114 117
109 112 113 114 115 116 117
109 112 113 114 116 117
109 113 114 117
109 113 114 115 116 117
109 113 114 116 117
109 110 114 117
109 110 114 115 116 117
109 110 114 116 117
109 110 112 113 114 117
109 110 112 113 114 115 116 117
109 110 112 113 114 116 117
109 110 113 114 117
109 110 113 114 115 116 117
109 110 113 114 116 117
109 110 111 114 117
109 110 111 114 115 116 117
109 110 111 114 116 117
109 110 111 112 113 114 117
109 110 111 112 113 114 115 116 117
109 110 111 112 113 114 116 117
109 110 111 113 114 115 116 117
109 110 111 113 114 116 117
112 115
112 115 116
112 115 116 117
109 112 115 116 117
109 110 112 115 116 117
109 110 111 112 115 116 117
112 113 115
112 113 115 116
112 113 115 116 117
112 113 114 115
112 113 114 115 116
112 113 114 115 116 117
109 110 111 112 113 114 115
112 116
112 116 117
109 112 116 117
112 113 116
112 113 116 117
112 113 114 116
109 110 111 112 114 115 116 117
109 110 112 113 115 116 117
109 110 111 112 113 115 116 117
109 110 111 112 113 114 115 116
113 115
113 115 116
113 115 116 117
113 114 115
113 114 115 116
109 110 111 112 113 114 115 117
109 112 113 115 116 117
113 116
113 116 117
113 114 116
113 117
109 113 117
112 113 117
112 113 114 117
113 114 117
109 110 111 113 114 117
109 110 111 112 113 116 117
113 115 117
114 116
114 115 116
114 115 116 117
114 116 117
112 114 116
109 114 116
114 117
112 113 114 115 117
121 123
121 123 124
121 123 124 125
121 123 124 125 126
121 123 124 125 126 127
121 123 124 125 126 127 128
118 119 120 121 123
118 119 120 121 123 124
118 119 120 121 123 124 125
118 119 120 121 123 124 125 126
118 119 120 121 123 124 125 126 127
118 119 120 121 123 124 125 126 127 128
118 119 120 121 122 123
118 119 120 121 122 123 124
118 119 120 121 122 123 124 125
118 119 120 121 122 123 124 125 126
118 119 120 121 122 123 124 125 126 127
118 119 120 121 122 123 124 125 126 127 128
119 120 121 123
119 120 121 123 124
119 120 121 123 124 125
119 120 121 123 124 125 126
119 120 121 123 124 125 126 127
119 120 121 123 124 125 126 127 128
119 120 121 122 123
119 120 121 122 123 124
119 120 121 122 123 124 125 126
119 120 121 122 123 124 125 126 127
120 121 123
120 121 123 124
120 121 123 124 125 126 127
120 121 123 124 125 126 127 128
120 121 122 123
120 121 122 123 124
120 121 122 123 124 125
120 121 122 123 124 125 126 127
121 122 123
121 122 123 124
121 122 123 124 125
121 122 123 124 125 126 127 128
102 118 119 120 121 123 124 125 126 127 128
102 118 119 120 121 122 123 124 125 126 127
102 118 119 120 121 122 123 124 125 126 127 128
98 99 100 101 102 118 119 120 121 123 124 125 126
98 99 100 101 102 118 119 120 121 123 124 125 126 127
98 99 100 101 102 118 119 120 121 123 124 125 126 127 128
98 99 100 101 102 118 119 120 121 122 123 124 125 126
98 99 100 101 102 118 119 120 121 122 123 124 125 126 127 128
57 98 99 100 101 102 118 119 120 121 122 123 124 125 126 127 128
53 54 55 56 57 98 99 100 101 102 118 119 120 121 123 124 125 126 127
53 54 55 56 57 98 99 100 101 102 118 119 120 121 123 124 125 126 127 128
53 54 55 56 57 98 99 100 101 102 118 119 120 121 122 123 124 125 126 127 128
55 56 57 98 99 100 101 102 118 119 120 121 123 124 125 126 127 128
55 56 57 98 99 100 101 102 118 119 120 121 122 123 124 125 126
48 53 54 55 56 57 98 99 100 101 102 118 119 120 121 123 124 231 232 233 234
122 123
122 123 124
122 123 124 125
122 123 124 125 126
122 123 124 125 126 127
122 123 124 125 126 127 128
98 99 100 101 102 118 119 120 121 122 123 124 125 126 127
119 120 121 122 123 124 125 126 127 128
120 121 122 123 124 125 126 127 128
102 118 119 120 121 122 123 124 125 126
99 100 101 102 118 119 120 121 122 123 124 125 126
55 56 57 98 99 100 101 102 118 119 120 121 122 123 124 125 239
54 55 56 57 98 99 100 101 102 118 119 120 121 122 123 124 234 239
55 56 57 98 99 100 101 102 118 119 120 121 122 123 124 125 126 127 128 239
131 136
131 136 137
131 136 137 138
131 136 137 138 139
129 130 131 136
129 130 131 136 137
129 130 131 136 137 138
129 130 131 136 137 138 139
130 131 136
130 131 136 137
130 131 136 137 138
130 131 136 137 138 139
93 129 130 131 136
93 129 130 131 136 137
93 129 130 131 136 137 138
93 129 130 131 136 137 138 139
91 92 93 129 130 131 136 137
91 92 93 129 130 131 136 137 138
91 92 93 129 130 131 136 137 138 139
92 93 129 130 131 136 137 138
92 93 129 130 131 136 137 138 139
87 88 89 91 92 93 129 130 131 136 137 138
90 91 92 93 129 130 131 136 137 138 139
91 92 93 129 130 131 136 137 138 139 142
91 92 93 129 130 131 136 137 138 142 143
89 91 92 93 129 130 131 136 137 142 143
89 91 92 93 129 130 131 136 137 138 139 142 143
90 91 92 93 129 130 131 136 137 138 142 143 145
90 91 92 93 129 130 131 136 137 138 139 142 143 145
82 83 84 90 91 92 93 129 130 131 136 137 142 143 144 145
82 83 84 90 91 92 93 129 130 131 136 137 138 142 143 144 145
82 83 84 90 91 92 93 129 130 131 136 137 138 139 142 143 144 145
132 138
132 136 137 138
132 136 137 138 139
132 137 138
132 137 138 139
132 138 139
131 132 136 137 138
131 132 136 137 138 139
129 130 131 132 136 137 138
129 130 131 132 136 137 138 139
130 131 132 136 137 138
130 131 132 136 137 138 139
93 129 130 131 132 136 137 138
93 129 130 131 132 136 137 138 139
91 92 93 129 130 131 132 136 137 138 139
87 88 89 91 92 93 129 130 131 132 136 137 138
89 91 92 93 129 130 131 132 136 137 138 139 142 143
132 133 138
132 133 136 137 138
132 133 136 137 138 139
132 133 137 138
132 133 137 138 139
132 133 138 139
131 132 133 136 137 138
131 132 133 136 137 138 139
129 130 131 132 133 136 137 138
129 130 131 132 133 136 137 138 139
91 92 93 129 130 131 132 133 136 137 138 139
92 93 129 130 131 132 133 136 137 138 139
91 92 93 129 130 131 132 133 136 137 138 142 143
132 133 134 138
132 133 134 136 137 138
132 133 134 136 137 138 139
132 133 134 137 138
132 133 134 137 138 139
132 133 134 138 139
130 131 132 133 134 136 137 138
93 129 130 131 132 133 134 136 137 138
90 91 92 93 129 130 131 132 133 134 136 137 138 139
91 92 93 129 130 131 132 133 134 136 137 138 139 142
89 91 92 93 129 130 131 132 133 134 136 137 138 139 142 143
90 91 92 93 129 130 131 132 133 134 136 137 138 142 143 145
90 91 92 93 129 130 131 132 133 134 136 137 138 139 142 143 145
82 83 84 90 91 92 93 129 130 131 132 133 134 136 137 138 142 143 144 145
82 83 84 90 91 92 93 129 130 131 132 133 134 136 137 138 139 142 143 144 145
132 133 134 135 138
132 133 134 135 136 137 138
132 133 134 135 137 138
132 133 134 135 137 138 139
132 133 134 135 138 139
131 132 133 134 135 136 137 138 139
129 130 131 132 133 134 135 136 137 138 139
90 91 92 93 129 130 131 132 133 134 135 136 137 138 142 143 145
82 83 84 90 91 92 93 129 130 131 132 133 134 135 136 137 138 142 143 144 145
82 83 84 90 91 92 93 129 130 131 132 133 134 135 136 137 138 139 142 143 144 145
132 139
132 133 139
132 133 134 139
132 133 134 135 139
82 83 84 90 91 92 93 129 130 131 132 136 137 138 139 142 143 144 145
93 129 130 131 132 133 136 137 138 139
90 91 92 93 129 130 131 132 133 136 137 138 139
90 91 92 93 129 130 131 132 133 136 137 138 139 142 143 145
91 92 93 129 130 131 132 133 136 137 138 139 142 143
131 132 133 134 136 137 138 139
93 129 130 131 132 133 134 136 137 138 139
129 130 131 132 133 134 136 137 138 139
91 92 93 129 130 131 132 133 134 136 137 138 139
92 93 129 130 131 132 133 134 136 137 138 139
132 133 134 135 136 137 138 139
90 91 92 93 129 130 131 132 133 134 135 136 137 138 139 142 143 145
135 170
135 165 166 167 168 169 170
135 166 167 168 169 170
135 167 168 169 170
135 168 169 170
135 169 170
132 133 134 135 170
132 133 134 135 165 166 167 168 169 170
132 133 134 135 166 167 168 169 170
132 133 134 135 167 168 169 170
132 133 134 135 168 169 170
132 133 134 135 169 170
133 134 135 170
133 134 135 165 166 167 168 169 170
133 134 135 166 167 168 169 170
133 134 135 167 168 169 170
133 134 135 168 169 170
133 134 135 169 170
134 135 170
134 135 165 166 167 168 169 170
134 135 166 167 168 169 170
134 135 167 168 169 170
134 135 168 169 170
134 135 169 170
132 133 134 135 138 165 166 167 168 169 170
132 133 134 135 138 166 167 168 169 170
132 133 134 135 138 167 168 169 170
132 133 134 135 136 137 138 165 166 167 168 169 170
132 133 134 135 136 137 138 166 167 168 169 170
132 133 134 135 136 137 138 167 168 169 170
132 133 134 135 137 138 165 166 167 168 169 170
132 133 134 135 137 138 139 165 166 167 168 169 170
132 133 134 135 138 139 165 166 167 168 169 170
132 133 134 135 138 139 166 167 168 169 170
131 132 133 134 135 136 137 138 139 165 166 167 168 169 170
129 130 131 132 133 134 135 136 137 138 139 165 166 167 168 169 170
129 130 131 132 133 134 135 136 137 138 139 166 167 168 169 170
90 91 92 93 129 130 131 132 133 134 135 136 137 138 142 143 145 167 168 169 170
90 91 92 93 129 130 131 132 133 134 135 136 137 138 142 143 145 168 169 170
132 133 134 135 139 170
132 133 134 135 139 165 166 167 168 169 170
132 133 134 135 139 167 168 169 170
132 133 134 135 139 168 169 170
132 133 134 135 139 169 170
132 133 134 135 136 137 138 139 165 166 167 168 169 170
90 91 92 93 129 130 131 132 133 134 135 136 137 138 139 142 143 145 168 169 170
91 92 93 129 130 131 132 133 134 135 136 137 138 165 166 167 168 169 170
130 131 132 133 134 135 136 137 138 139 165 166 167 168 169 170
140 146
140 146 147
140 146 147 148
72 140 146
72 140 146 147 148
72 73 140 146 147
72 77 140 146
72 75 76 77 140 146
72 75 76 77 78 140 146
72 77 78 140 146 147 148
140 141 146
140 141 146 147
140 141 146 147 148
72 140 141 146
72 140 141 146 246 247
67 68 72 73 74 140 141 146 147 246 247
140 147
140 147 148
140 141 147
140 141 147 148
72 73 140 141 146 147
141 147
141 146 147
141 146 147 148
141 147 148
72 141 146 147
141 148
140 141 148
140 141 146 148
141 149
141 149 150
141 149 150 151
140 141 149
140 141 149 150
140 141 149 150 151
140 141 146 149
140 141 146 149 150
140 141 146 149 150 151
140 141 146 147 149
140 141 146 147 149 150
140 141 146 147 149 150 151
140 141 146 147 148 149
140 141 146 147 148 149 150
140 141 146 147 148 149 150 151
72 140 141 146 149 150 151 246 247
140 141 147 149
140 141 147 149 150
140 141 147 149 150 151
140 141 147 148 149
140 141 147 148 149 150
72 73 140 141 146 147 149 150
141 147 149
141 147 149 150
141 147 149 150 151
141 147 148 149
141 147 148 149 150 151
141 148 149
141 148 149 150
141 148 149 150 151
140 141 148 149 150
140 141 148 149 150 151
91 142 145
91 92 142 145
89 91 142 145
91 92 93 129 142
91 92 93 129 130 142
91 92 142 143 145
91 92 93 129 142 143
84 92 93 144 145
84 90 91 144 145
82 83 84 90 91 144 145
84 91 142 143 144 145
83 84 91 142 143 144 145
83 84 92 144 145
84 90 92 144 145
84 90 91 145
84 91 145
82 83 84 91 145
84 92 145
89 90 92 144 145
90 92 93 145
87 88 89 90 92 93 145
92 93 129 144 145
72 140 141 146 147 149 150 151
72 140 141 146 147 148 149 150 151
72 75 76 77 78 140 141 146 147 149 150 151
72 75 76 77 140 141 146 147 149 150 151
72 76 77 78 140 141 146 147 148 149 150
72 73 75 76 77 78 140 141 146 147 149 150 151
67 68 72 140 141 146 147 148 149 150 151 246 247
67 68 72 73 74 77 140 141 146 147 149 150 151 246 247
72 73 74 75 76 77 78 140 141 146 147 148 149 150 151 246 247
72 73 75 76 77 78 140 141 146 147 149 150 151 240 241 242 243 244 245
146 247
146 246 247
68 146 246 247
146 147 247
146 147 148 247
140 146 247
140 141 146 149 150 246 247
67 68 72 73 140 141 146 149 150 246 247
73 140 141 146 149 150 246 247
140 141 146 149 150 151 247
72 77 140 141 146 149 150 151 247
72 73 75 76 77 78 140 141 146 147 149 150 151 246 247
67 72 73 74 146
72 76 77 146 242
71 72 73 77 78 79 80 81 94 95 96 140 146 147 243 244 245
68 72 146 246 247
72 73 74 146 247
140 141 147 148 149 150 151
147 149
147 149 150
147 149 150 151
146 147 149
147 148 149
73 140 141 146 147 149 150 246 247
73 140 141 146 147 148 149 150 246 247
72 73 140 141 146 147 149
72 73 140 141 146 147 149 150 151 246 247
72 73 140 141 146 147 148 149 150
72 73 75 76 77 78 140 141 146 147 148 149 150 151
148 149
148 149 150
148 149 150 151
140 141 148 149
73 140 141 146 148 149 150 246 247
146 147 148 149 247
154 155
152 153 154 155
153 154 155
157 158
157 158 159
157 158 159 160
156 157 158
156 157 158 159
156 157 158 159 160
157 159
157 159 160
156 157 159
156 157 159 160
157 160
156 157 160
157 158 160
156 157 158 160
160 161
158 159 160 161
159 160 161
157 158 159 160 161
156 157 158 159 160 161
157 159 160 161
156 157 159 160 161
157 160 161
156 157 160 161
157 158 160 161
156 157 158 160 161
161 188
160 161 188
158 159 160 161 188
159 160 161 188
157 158 159 160 161 188
156 157 158 159 160 161 188
157 159 160 161 188
156 157 159 160 161 188
157 160 161 188
156 157 160 161 188
157 158 160 161 188
156 157 158 160 161 188
165 188
161 165 188
160 161 165 188
158 159 160 161 165 188
159 160 161 165 188
157 158 159 160 161 165 188
156 157 158 159 160 161 165 188
156 157 159 160 161 165 188
156 157 160 161 165 188
156 157 158 160 161 165 188
165 166 188
161 165 166 188
158 159 160 161 165 166 188
159 160 161 165 166 188
157 158 159 160 161 165 166 188
156 157 158 159 160 161 165 166 188
157 159 160 161 165 166 188
156 157 158 160 161 165 166 188
165 166 167 188
161 165 166 167 188
157 158 159 160 161 165 166 167 188
156 157 158 159 160 161 165 166 167 188
157 159 160 161 165 166 167 188
156 157 159 160 161 165 166 167 188
156 157 160 161 165 166 167 188
157 158 159 160 161 165 166 167 168 188
156 157 158 159 160 161 165 166 167 168 188
158 159 160 161 165 166 167 168 169 188
157 158 159 160 161 165 166 167 168 169 188
156 157 158 159 160 161 165 166 167 168 169 188
156 157 158 159 160 161 165 166 167 168 169 170 188
132 133 134 135 160 161 165 166 167 168 169 170 188
132 133 134 135 158 159 160 161 165 166 167 168 169 170 188
132 133 134 135 159 160 161 165 166 167 168 169 170 188
132 133 134 135 157 158 159 160 161 165 166 167 168 169 170 188
132 133 134 135 156 157 158 159 160 161 165 166 167 168 169 170 188
134 135 156 157 158 159 160 161 165 166 167 168 169 170 188
132 133 134 135 138 156 157 158 159 160 161 165 166 167 168 169 170 188
132 133 134 135 136 137 138 158 159 160 161 165 166 167 168 169 170 188
132 133 134 135 136 137 138 157 158 159 160 161 165 166 167 168 169 170 188
132 133 134 135 137 138 139 156 157 158 159 160 161 165 166 167 168 169 170 188
171 262
171 257 258 259 260 261 262
171 258 259 260 261 262
171 259 260 261 262
171 260 261 262
171 261 262
171 172 262
171 172 257 258 259 260 261 262
171 172 258 259 260 261 262
171 172 259 260 261 262
171 172 260 261 262
171 172 261 262
171 172 173 262
171 172 173 257 258 259 260 261 262
171 172 173 258 259 260 261 262
171 172 173 259 260 261 262
171 172 173 260 261 262
171 172 173 261 262
171 172 173 174 262
171 172 173 174 257 258 259 260 261 262
171 172 173 174 258 259 260 261 262
171 172 173 174 259 260 261 262
171 172 173 174 260 261 262
171 172 173 174 261 262
171 172 173 174 175 262
171 172 173 174 175 257 258 259 260 261 262
171 172 173 174 175 176 257 258 259 260 261 262
171 172 173 174 175 176 258 259 260 261 262
58 171 172 173 174 175 176 257 258 259 260 261 262
58 59 171 172 173 174 175 176 257 258 259 260 261 262
58 59 171 172 173 174 175 176 258 259 260 261 262
58 59 60 171 172 173 174 175 176 257 258 259 260 261 262
58 59 60 61 62 171 172 173 174 175 176 258 259 260 261 262
58 59 60 61 62 63 171 172 173 174 175 176 259 260 261 262
58 59 60 61 62 63 171 172 173 174 175 176 248 249 250 261 262
187 257
187 257 258
187 257 258 259
187 257 258 259 260
187 257 258 259 260 261
187 257 258 259 260 261 262
171 187 257 258 259 260 261 262
171 172 187 257 258 259 260 261 262
171 172 173 187 257 258 259 260 261 262
171 172 173 174 187 257 258 259 260 261 262
171 172 173 174 175 187 257 258 259 260 261 262
171 172 173 174 175 176 187 257 258 259 260 261 262
182 183 184 185 186 187 257
182 183 184 185 186 187 257 258
182 183 184 185 186 187 257 258 259
182 183 184 185 186 187 257 258 259 260
182 183 184 185 186 187 257 258 259 260 261
182 183 184 185 186 187 257 258 259 260 261 262
171 182 183 184 185 186 187 257 258 259 260 261 262
171 172 182 183 184 185 186 187 257 258 259 260 261 262
171 172 173 182 183 184 185 186 187 257 258 259 260 261 262
171 172 173 174 182 183 184 185 186 187 257 258 259 260 261 262
171 172 173 174 175 182 183 184 185 186 187 257 258 259 260 261 262
183 184 185 186 187 257
183 184 185 186 187 257 258
183 184 185 186 187 257 258 259
183 184 185 186 187 257 258 259 260
183 184 185 186 187 257 258 259 260 261
183 184 185 186 187 257 258 259 260 261 262
171 183 184 185 186 187 257 258 259 260 261 262
171 172 183 184 185 186 187 257 258 259 260 261 262
184 185 186 187 257
184 185 186 187 257 258
184 185 186 187 257 258 259
184 185 186 187 257 258 259 260
185 186 187 257
185 186 187 257 258
185 186 187 257 258 259
185 186 187 257 258 259 260
185 186 187 257 258 259 260 261
186 187 257
186 187 257 258
186 187 257 258 259
186 187 257 258 259 260
186 187 257 258 259 260 261
58 59 60 171 172 173 174 175 176 186 187 257 258 259 260 261 262
189 262
189 258 259 260 261 262
189 259 260 261 262
189 260 261 262
189 261 262
171 189 262
171 189 260 261 262
171 189 261 262
171 172 189 262
171 172 189 261 262
171 172 173 189 261 262
182 183 184 185 186 187 189 257 258 259 260 261 262
171 182 183 184 185 186 187 189 257 258 259 260 261 262
171 172 173 182 183 184 185 186 187 189 257 258 259 260 261 262
183 184 185 186 187 189 257 258 259 260 261 262
189 190 262
189 190 258 259 260 261 262
189 190 259 260 261 262
189 190 260 261 262
189 190 261 262
171 189 190 262
171 172 189 190 262
171 172 173 189 190 262
58 59 60 171 172 173 174 175 176 189 190 257 258 259 260 261 262
182 183 184 185 186 187 189 190 257 258 259 260 261 262
171 172 182 183 184 185 186 187 189 190 257 258 259 260 261 262
171 172 173 174 175 182 183 184 185 186 187 189 190 257 258 259 260 261 262
189 190 191 262
189 190 191 258 259 260 261 262
189 190 191 260 261 262
189 190 191 261 262
171 172 189 190 191 262
171 172 189 190 191 261 262
171 182 183 184 185 186 187 189 190 191 257 258 259 260 261 262
171 172 173 174 182 183 184 185 186 187 189 190 191 257 258 259 260 261 262
190 195
189 190 195
189 190 191 195
190 191 195
189 190 195 262
171 172 173 189 190 195 262
189 190 191 195 262
189 190 191 195 258 259 260 261 262
189 190 191 195 260 261 262
171 172 189 190 191 195 262
191 192
191 192 193
191 192 193 194
189 190 191 192
189 190 191 192 193
189 190 191 192 193 194
190 191 192
190 191 192 193
190 191 192 193 194
189 190 191 192 262
189 190 191 192 193 262
189 190 191 192 193 194 262
189 190 191 192 193 258 259 260 261 262
189 190 191 192 193 194 258 259 260 261 262
189 190 191 192 193 260 261 262
189 190 191 192 193 194 260 261 262
189 190 191 192 193 261 262
189 190 191 192 193 194 261 262
171 172 189 190 191 192 193 194 261 262
171 182 183 184 185 186 187 189 190 191 192 193 257 258 259 260 261 262
189 190 191 192 195
189 190 191 192 193 195
189 190 191 192 193 194 195
190 191 192 195
190 191 192 193 195
190 191 192 193 194 195
189 190 191 192 195 262
189 190 191 192 193 195 262
189 190 191 192 193 194 195 262
189 190 191 192 193 194 195 258 259 260 261 262
171 172 189 190 191 192 193 194 195 262
191 195
191 192 195
191 192 193 195
191 192 193 194 195
171 172 173 189 190 191 192 193 195 262
171 172 173 189 190 191 192 193 194 195 262
189 190 191 192 193 195 258 259 260 261 262
189 190 191 192 193 195 260 261 262
171 172 173 189 190 191 192 193 195 260 261 262
171 172 173 189 190 191 192 193 194 195 260 261 262
189 190 191 192 193 195 261 262
189 190 191 192 193 194 195 261 262
171 182 183 184 185 186 187 189 190 191 192 193 195 257 258 259 260 261 262
171 172 182 183 184 185 186 187 189 190 191 192 193 195 257 258 259 260 261 262
171 182 183 184 185 186 187 189 190 191 192 193 194 195 257 258 259 260 261 262
198 199
198 199 200
198 199 200 201
196 197 198 199
196 197 198 199 200
196 197 198 199 200 201
197 198 199
197 198 199 200
197 198 199 200 201
198 200
198 200 201
196 197 198 200
196 197 198 200 201
197 198 200
197 198 200 201
225 229
225 228 229
225 226 229
225 226 228 229
225 230
225 226 230
225 229 230
225 228 229 230
225 226 229 230
225 226 228 229 230
225 227
225 226 227
225 227 229
225 227 228 229
225 226 227 229
225 226 227 228 229
225 227 230
225 226 227 230
225 227 229 230
225 227 228 229 230
225 226 227 229 230
225 226 227 228 229 230
226 228
226 228 229
225 226 228
225 226 228 230
225 226 227 228
225 226 227 228 230
226 229
226 230
226 228 230
226 228 229 230
226 229 230
226 227
226 227 228
226 227 228 229
226 227 229
226 227 230
226 227 228 230
226 227 228 229 230
226 227 229 230
227 229
227 228 229
227 230
227 229 230
227 228 229 230
228 230
225 228 230
227 228 230
228 229 230
229 230
225 227 228 230
53 54 55 56 57 98 99 100 101 102 118 119 120 121 123 124 125 126 127 231
53 231 232 233 239
53 231 232 233 234 239
53 54 231 232 239
53 54 55 56 57 98 99 100 101 102 118 119 120 121 122 231 239
53 55 231 232
54 55 56 231 233
54 231 239
54 55 56 57 98 99 100 101 102 118 119 120 121 122 231 232 233 234 239
53 54 231 233
53 54 55 56 231 233
48 49 50 51 52 53 54 55 56 57 98 99 100 101 102 231 232 233 234 239
48 49 53 54 55 56 57 98 99 100 101 102 118 119 120 121 231 232 233 234
48 49 50 53 54 55 56 57 98 99 100 101 102 118 119 120 231 232 233 234
54 55 231 232 233
48 49 50 51 52 53 54 55 56 57 98 99 100 101 102 118 119 120 232 233 234
53 54 55 232 239
53 55 232
53 55 56 231 232
54 55 56 57 232
48 49 50 55 232 234
55 232 239
55 232 234 239
55 56 57 98 99 232
48 49 50 51 52 53 55 56 57 98 99 100 101 102 118 119 120 231 232 233 234
53 54 55 56 57 98 232
48 49 50 51 52 53 54 55 56 57 98 99 100 101 102 232 233 234 239
48 49 50 51 52 54 55 56 57 98 99 100 101 102 231 232 233 234 239
48 54 55 232 234
54 56 233
54 56 57 233 239
56 57 98 99 233
56 57 98 99 100 233
48 49 50 51 53 54 55 56 57 98 99 100 231 232 233 234 239
55 56 57 98 99 232 233
53 56 57 98 99 100 231 232 233 234 239
48 49 50 56 234
48 56 57 234
55 56 57 98 99 100 234
55 56 234 239
56 57 98 234
56 57 98 99 234
235 239
53 235 239
235 236 239
53 235 236 239
53 54 235 236 239
54 235 236 239
54 55 235 236 239
235 236 237 239
53 235 236 237 239
53 54 235 236 237 239
53 231 235 236 237 239
53 54 55 56 231 232 233 235 236 237 239
48 49 50 51 53 54 55 231 232 233 234 235 236 237 239
54 235 236 237 239
48 49 50 53 54 55 56 231 232 233 234 235 236 237 239
54 231 235 236 237 239
235 236 237 238 239
53 235 236 237 238 239
53 54 55 56 235 236 237 238 239
53 231 235 236 237 238 239
53 54 55 56 231 232 233 235 236 237 238 239
48 49 50 53 54 55 56 231 232 233 234 235 236 237 238 239
55 235 236 237 238 239
236 239
236 237 239
236 237 238 239
53 236 237 238 239
55 56 234 236 237 238 239
237 239
235 237 239
54 55 235 236 237 239
53 54 235 236 237 238 239
54 235 236 237 238 239
237 238 239
235 237 238 239
55 56 234 235 236 237 238 239
53 55 239
53 54 55 56 57 98 99 100 101 102 118 119 120 121 235 236 237 238 239
53 54 55 56 232 233 235 236 237 238 239
55 56 57 98 239
54 55 56 233 234 235 236 237 239
73 75 76 77 242 247
73 75 76 77 241 242 247
72 75 76 77 242
73 75 76 77 242
72 75 76 77 78 241 242
76 77 78 242 243
69 70 71 72 73 75 76 77 78 79 80 140 141 146 147 149 150 151 243 244 245
78 81 243 244 245
72 73 75 76 77 78 81 140 141 146 147 149 150 151 243 244 245
71 75 76 77 78 79 80 81 94 95 96 97 243 244 245
67 68 73 246
67 68 73 246 247
68 72 73 246
67 68 72 73 246
67 68 72 73 74 246
68 72 73 74 246
73 75 76 77 240 241 242 246
72 76 77 242 247
171 172 173 174 175 176 189 190 191 192 193 195 258 259 260 261 262
171 172 183 184 185 186 187 189 190 191 192 193 194 195 257 258 259 260 261 262
53 54 231 235 236 237 238 239
53 55 231 239
53 54 55 56 57 231 232 233 235 236 237 238 239
53 54 231 232 235 236 237 238 239
54 56 231 233
53 54 231 235 236 237 239
54 55 232 239
54 56 232 233
48 49 50 53 54 231 232 233 234 235 236 237 239
72 75 76 77 140 141 146 147 149 242
72 76 77 78 243
72 77 78 243
72 77 78 243 244
72 73 76 77 78 79 80 140 141 146 147 148 149 150 243 244 245
72 77 78 243 247
86 87 88 89 90 145
90 91 92 93 129
90 91 92 142 145
92 93 129 130 131 136
92 93 129 130 131 132 133 136 137 138 145
90 92 93 129 145
102 118 119 120 121 123
157 159 160 161 165 188
156 157 159 160 161 165 166 188
