4.0	0.014531299200999843	0.014531299200999843	0.014531299200999843	0.014531299200999843
4.1	0.01453129920099984	0.01453129920099984	0.01453129920099984	0.01453129920099984
4.2	0.014531299200999843	0.014531299200999843	0.014531299200999843	0.014531299200999843
4.3	0.01453129920099984	0.01453129920099984	0.01453129920099984	0.01453129920099984
4.4	0.014531299200999843	0.014531299200999843	0.014531299200999843	0.014531299200999843
4.5	0.01453129920099984	0.01453129920099984	0.01453129920099984	0.01453129920099984
4.6	0.014531299200999843	0.014531299200999843	0.014531299200999843	0.014531299200999843
4.7	0.01453129920099984	0.01453129920099984	0.01453129920099984	0.01453129920099984
4.8	0.014531299200999843	0.014531299200999843	0.014531299200999843	0.014531299200999843
4.9	0.01453129920099984	0.01453129920099984	0.01453129920099984	0.01453129920099984
5.0	0.014531299200999843	0.014531299200999843	0.014531299200999843	0.014531299200999843
5.1	0.01453129920099984	0.01453129920099984	0.01453129920099984	0.01453129920099984
5.2	0.014531299200999843	0.014531299200999843	0.014531299200999843	0.014531299200999843
5.3	0.01453129920099984	0.01453129920099984	0.01453129920099984	0.01453129920099984
5.4	0.014531299200999843	0.014531299200999843	0.014531299200999843	0.014531299200999843
5.5	0.01453129920099984	0.01453129920099984	0.01453129920099984	0.01453129920099984
5.6	0.008108943429355905	0.008108943429355905	0.008108943429355905	0.008108943429355905
5.7	0.005983753819412314	0.005983753819412314	0.005983753819412314	0.005983753819412314
5.8	0.0040235391276957615	0.0040235391276957615	0.0040235391276957615	0.0040235391276957615
5.9	0.0040235391276957615	0.0040235391276957615	0.0040235391276957615	0.0040235391276957615
6.0	0.0040235391276957615	0.0040235391276957615	0.0040235391276957615	0.0040235391276957615
6.1	0.003326745479748137	0.003326745479748137	0.003326745479748137	0.003326745479748137
6.2	0.003150504830804983	0.003150504830804983	0.003150504830804983	0.003150504830804983
6.300000000000001	0.002929265265789456	0.002929265265789456	0.002929265265789456	0.002929265265789456
6.4	0.002929265265789456	0.002929265265789456	0.002929265265789456	0.002929265265789456
6.5	0.002929265265789456	0.002929265265789456	0.002929265265789456	0.002929265265789456
6.6	0.002929265265789456	0.002929265265789456	0.002929265265789456	0.002929265265789456
6.7	0.002665516445668109	0.002665516445668109	0.002665516445668109	0.002665516445668109
6.800000000000001	0.0025921084340924366	0.0025921084340924366	0.0025921084340924366	0.0025921084340924366
6.9	0.002180385065619116	0.002180385065619116	0.002180385065619116	0.002180385065619116
7.0	0.0015513294013105687	0.0015513294013105687	0.0015513294013105687	0.0015513294013105687
7.1	0.0015160075992546377	0.0015160075992546377	0.0015160075992546377	0.0015160075992546377
7.2	0.0011417592358494144	0.0011417592358494144	0.0011417592358494144	0.0011417592358494144
7.300000000000001	0.0008741955363215461	0.0008741955363215461	0.0008741955363215461	0.0008741955363215461
7.4	0.0006947907032526973	0.0006947907032526973	0.0006947907032526973	0.0006947907032526973
7.5	0.0005489517734732477	0.0005489517734732477	0.0005489517734732477	0.0005489517734732477
7.6	0.00033194474853820015	0.00033194474853820015	0.00033194474853820015	0.00033194474853820015
7.7	0.00019235288523641736	0.00019235288523641736	0.00019235288523641736	0.00019235288523641736
7.800000000000001	5.0004006974256036e-05	5.0004006974256036e-05	5.0004006974256036e-05	5.0004006974256036e-05
7.9	3.0225181029775937e-05	3.0225181029775937e-05	3.0225181029775937e-05	3.0225181029775937e-05
8.0	0.0	0.0	0.0	0.0
8.100000000000001	0.0	0.0	0.0	0.0
8.2	0.0	0.0	0.0	0.0
8.3	0.0	0.0	0.0	0.0
8.4	0.0	0.0	0.0	0.0
8.5	0.0	0.0	0.0	0.0
8.600000000000001	0.0	0.0	0.0	0.0
8.7	0.0	0.0	0.0	0.0
8.8	0.0	0.0	0.0	0.0
8.9	0.0	0.0	0.0	0.0
9.0	0.0	0.0	0.0	0.0
9.100000000000001	0.0	0.0	0.0	0.0
9.2	0.0	0.0	0.0	0.0
9.3	0.0	0.0	0.0	0.0
9.4	0.0	0.0	0.0	0.0
9.5	0.0	0.0	0.0	0.0
9.600000000000001	0.0	0.0	0.0	0.0
9.7	0.0	0.0	0.0	0.0
9.8	0.0	0.0	0.0	0.0
9.9	0.0	0.0	0.0	0.0
