4.0	0.015066410960397106	0.015066410960397106	0.015066410960397106	0.015066410960397106
4.1	0.015066410960397106	0.015066410960397106	0.015066410960397106	0.015066410960397106
4.2	0.015066410960397106	0.015066410960397106	0.015066410960397106	0.015066410960397106
4.3	0.015066410960397106	0.015066410960397106	0.015066410960397106	0.015066410960397106
4.4	0.015066410960397106	0.015066410960397106	0.015066410960397106	0.015066410960397106
4.5	0.015066410960397106	0.015066410960397106	0.015066410960397106	0.015066410960397106
4.6	0.015066410960397106	0.015066410960397106	0.015066410960397106	0.015066410960397106
4.7	0.015066410960397106	0.015066410960397106	0.015066410960397106	0.015066410960397106
4.8	0.015066410960397106	0.015066410960397106	0.015066410960397106	0.015066410960397106
4.9	0.015066410960397106	0.015066410960397106	0.015066410960397106	0.015066410960397106
5.0	0.015066410960397106	0.015066410960397106	0.015066410960397106	0.015066410960397106
5.1	0.015066410960397106	0.015066410960397106	0.015066410960397106	0.015066410960397106
5.2	0.015066410960397106	0.015066410960397106	0.015066410960397106	0.015066410960397106
5.3	0.015066410960397106	0.015066410960397106	0.015066410960397106	0.015066410960397106
5.4	0.015066410960397106	0.015066410960397106	0.015066410960397106	0.015066410960397106
5.5	0.015066410960397106	0.015066410960397106	0.015066410960397106	0.015066410960397106
5.6	0.010763709738952071	0.010763709738952071	0.010763709738952071	0.010763709738952071
5.7	0.010763709738952071	0.010763709738952071	0.010763709738952071	0.010763709738952071
5.8	0.009507454852751956	0.009507454852751956	0.009507454852751956	0.009507454852751956
5.9	0.00845639261999145	0.00845639261999145	0.00845639261999145	0.00845639261999145
6.0	0.006695479836413745	0.006695479836413745	0.006695479836413745	0.006695479836413745
6.1	0.006695479836413745	0.006695479836413745	0.006695479836413745	0.006695479836413745
6.2	0.006022179156380426	0.006022179156380426	0.006022179156380426	0.006022179156380426
6.300000000000001	0.005706794846090007	0.005706794846090007	0.005706794846090007	0.005706794846090007
6.4	0.005028512481201134	0.005028512481201134	0.005028512481201134	0.005028512481201134
6.5	0.004665677808692185	0.004665677808692185	0.004665677808692185	0.004665677808692185
6.6	0.004665677808692185	0.004665677808692185	0.004665677808692185	0.004665677808692185
6.7	0.0044796285915587415	0.0044796285915587415	0.0044796285915587415	0.0044796285915587415
6.800000000000001	0.003116137468932191	0.003116137468932191	0.003116137468932191	0.003116137468932191
6.9	0.0021137557414690586	0.0021137557414690586	0.0021137557414690586	0.0021137557414690586
7.0	0.002078767988693999	0.002078767988693999	0.002078767988693999	0.002078767988693999
7.1	0.0017408344090101883	0.0017408344090101883	0.0017408344090101883	0.0017408344090101883
7.2	0.0015197970152609798	0.0015197970152609798	0.0015197970152609798	0.0015197970152609798
7.300000000000001	0.001094089434491797	0.001094089434491797	0.001094089434491797	0.001094089434491797
7.4	0.0008054152627700365	0.0008054152627700365	0.0008054152627700365	0.0008054152627700365
7.5	0.000623034381828765	0.000623034381828765	0.000623034381828765	0.000623034381828765
7.6	0.0004906624387767088	0.0004906624387767088	0.0004906624387767088	0.0004906624387767088
7.7	0.00022692826103739802	0.00022692826103739802	0.00022692826103739802	0.00022692826103739802
7.800000000000001	0.0	0.0	0.0	0.0
7.9	0.0	0.0	0.0	0.0
8.0	0.0	0.0	0.0	0.0
8.100000000000001	0.0	0.0	0.0	0.0
8.2	0.0	0.0	0.0	0.0
8.3	0.0	0.0	0.0	0.0
8.4	0.0	0.0	0.0	0.0
8.5	0.0	0.0	0.0	0.0
8.600000000000001	0.0	0.0	0.0	0.0
8.7	0.0	0.0	0.0	0.0
8.8	0.0	0.0	0.0	0.0
8.9	0.0	0.0	0.0	0.0
9.0	0.0	0.0	0.0	0.0
9.100000000000001	0.0	0.0	0.0	0.0
9.2	0.0	0.0	0.0	0.0
9.3	0.0	0.0	0.0	0.0
9.4	0.0	0.0	0.0	0.0
9.5	0.0	0.0	0.0	0.0
9.600000000000001	0.0	0.0	0.0	0.0
9.7	0.0	0.0	0.0	0.0
9.8	0.0	0.0	0.0	0.0
9.9	0.0	0.0	0.0	0.0
