4.0	0.2240613520446194	0.2240613520446194	0.2240613520446194	0.2240613520446194
4.1	0.2240613520446194	0.2240613520446194	0.2240613520446194	0.2240613520446194
4.2	0.2240613520446194	0.2240613520446194	0.2240613520446194	0.2240613520446194
4.3	0.2240613520446194	0.2240613520446194	0.2240613520446194	0.2240613520446194
4.4	0.2240613520446194	0.2240613520446194	0.2240613520446194	0.2240613520446194
4.5	0.2240613520446194	0.2240613520446194	0.2240613520446194	0.2240613520446194
4.6	0.2240613520446194	0.2240613520446194	0.2240613520446194	0.2240613520446194
4.7	0.2240613520446194	0.2240613520446194	0.2240613520446194	0.2240613520446194
4.8	0.2240613520446194	0.2240613520446194	0.2240613520446194	0.2240613520446194
4.9	0.2240613520446194	0.2240613520446194	0.2240613520446194	0.2240613520446194
5.0	0.2240613520446194	0.2240613520446194	0.2240613520446194	0.2240613520446194
5.1	0.2240613520446194	0.2240613520446194	0.2240613520446194	0.2240613520446194
5.2	0.2240613520446194	0.2240613520446194	0.2240613520446194	0.2240613520446194
5.3	0.2240613520446194	0.2240613520446194	0.2240613520446194	0.2240613520446194
5.4	0.2240613520446194	0.2240613520446194	0.2240613520446194	0.2240613520446194
5.5	0.2240613520446194	0.2240613520446194	0.2240613520446194	0.2240613520446194
5.6	0.19851711265137933	0.19851711265137933	0.19851711265137933	0.19851711265137933
5.7	0.1688198637427486	0.1688198637427486	0.1688198637427486	0.1688198637427486
5.8	0.12166705227185932	0.12166705227185932	0.12166705227185932	0.12166705227185932
5.9	0.09776903374049147	0.09776903374049147	0.09776903374049147	0.09776903374049147
6.0	0.09188265610086067	0.09188265610086067	0.09188265610086067	0.09188265610086067
6.1	0.08449378049427629	0.08449378049427629	0.08449378049427629	0.08449378049427629
6.2	0.08071565085541745	0.08071565085541745	0.08071565085541745	0.08071565085541745
6.300000000000001	0.06655103810292866	0.06655103810292866	0.06655103810292866	0.06655103810292866
6.4	0.05937659322510414	0.05937659322510414	0.05937659322510414	0.05937659322510414
6.5	0.05156235475730011	0.05156235475730011	0.05156235475730011	0.05156235475730011
6.6	0.04695032908273326	0.04695032908273326	0.04695032908273326	0.04695032908273326
6.7	0.04524824054308342	0.04524824054308342	0.04524824054308342	0.04524824054308342
6.800000000000001	0.03808523905821744	0.03808523905821744	0.03808523905821744	0.03808523905821744
6.9	0.033298998902435886	0.033298998902435886	0.033298998902435886	0.033298998902435886
7.0	0.02986561279729506	0.02986561279729506	0.02986561279729506	0.02986561279729506
7.1	0.026649643226744575	0.026649643226744575	0.026649643226744575	0.026649643226744575
7.2	0.022677470861608803	0.022677470861608803	0.022677470861608803	0.022677470861608803
7.300000000000001	0.0203141350337463	0.0203141350337463	0.0203141350337463	0.0203141350337463
7.4	0.01779229658067423	0.01779229658067423	0.01779229658067423	0.01779229658067423
7.5	0.014867564670132984	0.014867564670132984	0.014867564670132984	0.014867564670132984
7.6	0.01212581830087718	0.01212581830087718	0.01212581830087718	0.01212581830087718
7.7	0.010457746920285707	0.010457746920285707	0.010457746920285707	0.010457746920285707
7.800000000000001	0.008227687845127995	0.008227687845127995	0.008227687845127995	0.008227687845127995
7.9	0.006723438148773441	0.006723438148773441	0.006723438148773441	0.006723438148773441
8.0	0.0050755295003738635	0.0050755295003738635	0.0050755295003738635	0.0050755295003738635
8.100000000000001	0.00431744229169337	0.00431744229169337	0.00431744229169337	0.00431744229169337
8.2	0.0026398757575863043	0.0026398757575863043	0.0026398757575863043	0.0026398757575863043
8.3	0.0014427154340844591	0.0014427154340844591	0.0014427154340844591	0.0014427154340844591
8.4	0.0	0.0	0.0	0.0
8.5	0.0	0.0	0.0	0.0
8.600000000000001	0.0	0.0	0.0	0.0
8.7	0.0	0.0	0.0	0.0
8.8	0.0	0.0	0.0	0.0
8.9	0.0	0.0	0.0	0.0
9.0	0.0	0.0	0.0	0.0
9.100000000000001	0.0	0.0	0.0	0.0
9.2	0.0	0.0	0.0	0.0
9.3	0.0	0.0	0.0	0.0
9.4	0.0	0.0	0.0	0.0
9.5	0.0	0.0	0.0	0.0
9.600000000000001	0.0	0.0	0.0	0.0
9.7	0.0	0.0	0.0	0.0
9.8	0.0	0.0	0.0	0.0
9.9	0.0	0.0	0.0	0.0
