4.0	0.001578476025407127	0.001578476025407127	0.001578476025407127	0.001578476025407127
4.1	0.001578476025407127	0.001578476025407127	0.001578476025407127	0.001578476025407127
4.2	0.001578476025407127	0.001578476025407127	0.001578476025407127	0.001578476025407127
4.3	0.001578476025407127	0.001578476025407127	0.001578476025407127	0.001578476025407127
4.4	0.001578476025407127	0.001578476025407127	0.001578476025407127	0.001578476025407127
4.5	0.001578476025407127	0.001578476025407127	0.001578476025407127	0.001578476025407127
4.6	0.001578476025407127	0.001578476025407127	0.001578476025407127	0.001578476025407127
4.7	0.001578476025407127	0.001578476025407127	0.001578476025407127	0.001578476025407127
4.8	0.001578476025407127	0.001578476025407127	0.001578476025407127	0.001578476025407127
4.9	0.001578476025407127	0.001578476025407127	0.001578476025407127	0.001578476025407127
5.0	0.001578476025407127	0.001578476025407127	0.001578476025407127	0.001578476025407127
5.1	0.001578476025407127	0.001578476025407127	0.001578476025407127	0.001578476025407127
5.2	0.001578476025407127	0.001578476025407127	0.001578476025407127	0.001578476025407127
5.3	0.001578476025407127	0.001578476025407127	0.001578476025407127	0.001578476025407127
5.4	0.001578476025407127	0.001578476025407127	0.001578476025407127	0.001578476025407127
5.5	0.001578476025407127	0.001578476025407127	0.001578476025407127	0.001578476025407127
5.6	0.001578476025407127	0.001578476025407127	0.001578476025407127	0.001578476025407127
5.7	0.001578476025407127	0.001578476025407127	0.001578476025407127	0.001578476025407127
5.8	0.001578476025407127	0.001578476025407127	0.001578476025407127	0.001578476025407127
5.9	0.001199961552606603	0.001199961552606603	0.001199961552606603	0.001199961552606603
6.0	0.001199961552606603	0.001199961552606603	0.001199961552606603	0.001199961552606603
6.1	0.0009823568985207105	0.0009823568985207105	0.0009823568985207105	0.0009823568985207105
6.2	0.000812504365354903	0.000812504365354903	0.000812504365354903	0.000812504365354903
6.300000000000001	0.000599043728733434	0.000599043728733434	0.000599043728733434	0.000599043728733434
6.4	0.0004518846091016803	0.0004518846091016803	0.0004518846091016803	0.0004518846091016803
6.5	0.00038974994441944575	0.00038974994441944575	0.00038974994441944575	0.00038974994441944575
6.6	0.00031566493570212354	0.00031566493570212354	0.00031566493570212354	0.00031566493570212354
6.7	0.00025773297664125744	0.00025773297664125744	0.00025773297664125744	0.00025773297664125744
6.800000000000001	0.00021338592571143732	0.00021338592571143732	0.00021338592571143732	0.00021338592571143732
6.9	0.00013218302444874312	0.00013218302444874312	0.00013218302444874312	0.00013218302444874312
7.0	0.00011396758715942128	0.00011396758715942128	0.00011396758715942128	0.00011396758715942128
7.1	4.688710700801116e-05	4.688710700801116e-05	4.688710700801116e-05	4.688710700801116e-05
7.2	1.8428461500054874e-05	1.8428461500054874e-05	1.8428461500054874e-05	1.8428461500054874e-05
7.300000000000001	0.0	0.0	0.0	0.0
7.4	0.0	0.0	0.0	0.0
7.5	0.0	0.0	0.0	0.0
7.6	0.0	0.0	0.0	0.0
7.7	0.0	0.0	0.0	0.0
7.800000000000001	0.0	0.0	0.0	0.0
7.9	0.0	0.0	0.0	0.0
8.0	0.0	0.0	0.0	0.0
8.100000000000001	0.0	0.0	0.0	0.0
8.2	0.0	0.0	0.0	0.0
8.3	0.0	0.0	0.0	0.0
8.4	0.0	0.0	0.0	0.0
8.5	0.0	0.0	0.0	0.0
8.600000000000001	0.0	0.0	0.0	0.0
8.7	0.0	0.0	0.0	0.0
8.8	0.0	0.0	0.0	0.0
8.9	0.0	0.0	0.0	0.0
9.0	0.0	0.0	0.0	0.0
9.100000000000001	0.0	0.0	0.0	0.0
9.2	0.0	0.0	0.0	0.0
9.3	0.0	0.0	0.0	0.0
9.4	0.0	0.0	0.0	0.0
9.5	0.0	0.0	0.0	0.0
9.600000000000001	0.0	0.0	0.0	0.0
9.7	0.0	0.0	0.0	0.0
9.8	0.0	0.0	0.0	0.0
9.9	0.0	0.0	0.0	0.0
