4.0	0.007140361397308616	0.007140361397308616	0.007140361397308616	0.007140361397308616
4.1	0.007140361397308616	0.007140361397308616	0.007140361397308616	0.007140361397308616
4.2	0.007140361397308617	0.007140361397308617	0.007140361397308617	0.007140361397308617
4.3	0.007140361397308616	0.007140361397308616	0.007140361397308616	0.007140361397308616
4.4	0.007140361397308616	0.007140361397308616	0.007140361397308616	0.007140361397308616
4.5	0.007140361397308616	0.007140361397308616	0.007140361397308616	0.007140361397308616
4.6	0.007140361397308617	0.007140361397308617	0.007140361397308617	0.007140361397308617
4.7	0.007140361397308616	0.007140361397308616	0.007140361397308616	0.007140361397308616
4.8	0.007140361397308616	0.007140361397308616	0.007140361397308616	0.007140361397308616
4.9	0.007140361397308616	0.007140361397308616	0.007140361397308616	0.007140361397308616
5.0	0.007140361397308617	0.007140361397308617	0.007140361397308617	0.007140361397308617
5.1	0.007140361397308616	0.007140361397308616	0.007140361397308616	0.007140361397308616
5.2	0.007140361397308616	0.007140361397308616	0.007140361397308616	0.007140361397308616
5.3	0.007140361397308616	0.007140361397308616	0.007140361397308616	0.007140361397308616
5.4	0.007140361397308617	0.007140361397308617	0.007140361397308617	0.007140361397308617
5.5	0.007140361397308616	0.007140361397308616	0.007140361397308616	0.007140361397308616
5.6	0.005671332110420496	0.005671332110420496	0.005671332110420496	0.005671332110420496
5.7	0.005671332110420496	0.005671332110420496	0.005671332110420496	0.005671332110420496
5.8	0.004687149529827733	0.004687149529827733	0.004687149529827733	0.004687149529827733
5.9	0.004687149529827732	0.004687149529827732	0.004687149529827732	0.004687149529827732
6.0	0.0046532614557470995	0.0046532614557470995	0.0046532614557470995	0.0046532614557470995
6.1	0.0046532614557470995	0.0046532614557470995	0.0046532614557470995	0.0046532614557470995
6.2	0.004490967319222339	0.004490967319222339	0.004490967319222339	0.004490967319222339
6.300000000000001	0.0036319234330543276	0.0036319234330543276	0.0036319234330543276	0.0036319234330543276
6.4	0.002962289217732341	0.002962289217732341	0.002962289217732341	0.002962289217732341
6.5	0.002600714431431564	0.002600714431431564	0.002600714431431564	0.002600714431431564
6.6	0.0025864935788926066	0.0025864935788926066	0.0025864935788926066	0.0025864935788926066
6.7	0.0023978940107532575	0.0023978940107532575	0.0023978940107532575	0.0023978940107532575
6.800000000000001	0.001995350005509686	0.001995350005509686	0.001995350005509686	0.001995350005509686
6.9	0.001995350005509686	0.001995350005509686	0.001995350005509686	0.001995350005509686
7.0	0.0019564020250425586	0.0019564020250425586	0.0019564020250425586	0.0019564020250425586
7.1	0.0018965442614595545	0.0018965442614595545	0.0018965442614595545	0.0018965442614595545
7.2	0.0016974647452861124	0.0016974647452861124	0.0016974647452861124	0.0016974647452861124
7.300000000000001	0.0014791428897905625	0.0014791428897905625	0.0014791428897905625	0.0014791428897905625
7.4	0.0012535710052558073	0.0012535710052558073	0.0012535710052558073	0.0012535710052558073
7.5	0.001115002781683028	0.001115002781683028	0.001115002781683028	0.001115002781683028
7.6	0.0009397826794357714	0.0009397826794357714	0.0009397826794357714	0.0009397826794357714
7.7	0.0006931017631450892	0.0006931017631450892	0.0006931017631450892	0.0006931017631450892
7.800000000000001	0.0005114475285483632	0.0005114475285483632	0.0005114475285483632	0.0005114475285483632
7.9	0.0003269378849103037	0.0003269378849103037	0.0003269378849103037	0.0003269378849103037
8.0	0.00020681910259785763	0.00020681910259785763	0.00020681910259785763	0.00020681910259785763
8.100000000000001	4.488285810216399e-05	4.488285810216399e-05	4.488285810216399e-05	4.488285810216399e-05
8.2	0.0	0.0	0.0	0.0
8.3	0.0	0.0	0.0	0.0
8.4	0.0	0.0	0.0	0.0
8.5	0.0	0.0	0.0	0.0
8.600000000000001	0.0	0.0	0.0	0.0
8.7	0.0	0.0	0.0	0.0
8.8	0.0	0.0	0.0	0.0
8.9	0.0	0.0	0.0	0.0
9.0	0.0	0.0	0.0	0.0
9.100000000000001	0.0	0.0	0.0	0.0
9.2	0.0	0.0	0.0	0.0
9.3	0.0	0.0	0.0	0.0
9.4	0.0	0.0	0.0	0.0
9.5	0.0	0.0	0.0	0.0
9.600000000000001	0.0	0.0	0.0	0.0
9.7	0.0	0.0	0.0	0.0
9.8	0.0	0.0	0.0	0.0
9.9	0.0	0.0	0.0	0.0
