4.0	0.00033283126552209667	0.00033283126552209667	0.00033283126552209667	0.00033283126552209667
4.1	0.00033283126552209667	0.00033283126552209667	0.00033283126552209667	0.00033283126552209667
4.2	0.00033283126552209667	0.00033283126552209667	0.00033283126552209667	0.00033283126552209667
4.3	0.00033283126552209667	0.00033283126552209667	0.00033283126552209667	0.00033283126552209667
4.4	0.00033283126552209667	0.00033283126552209667	0.00033283126552209667	0.00033283126552209667
4.5	0.00033283126552209667	0.00033283126552209667	0.00033283126552209667	0.00033283126552209667
4.6	0.00033283126552209667	0.00033283126552209667	0.00033283126552209667	0.00033283126552209667
4.7	0.00033283126552209667	0.00033283126552209667	0.00033283126552209667	0.00033283126552209667
4.8	0.00033283126552209667	0.00033283126552209667	0.00033283126552209667	0.00033283126552209667
4.9	0.00033283126552209667	0.00033283126552209667	0.00033283126552209667	0.00033283126552209667
5.0	0.00033283126552209667	0.00033283126552209667	0.00033283126552209667	0.00033283126552209667
5.1	0.00033283126552209667	0.00033283126552209667	0.00033283126552209667	0.00033283126552209667
5.2	0.00033283126552209667	0.00033283126552209667	0.00033283126552209667	0.00033283126552209667
5.3	0.00033283126552209667	0.00033283126552209667	0.00033283126552209667	0.00033283126552209667
5.4	0.00033283126552209667	0.00033283126552209667	0.00033283126552209667	0.00033283126552209667
5.5	0.00033283126552209667	0.00033283126552209667	0.00033283126552209667	0.00033283126552209667
5.6	0.00033283126552209667	0.00033283126552209667	0.00033283126552209667	0.00033283126552209667
5.7	0.00033283126552209667	0.00033283126552209667	0.00033283126552209667	0.00033283126552209667
5.8	0.0003249566595250448	0.0003249566595250448	0.0003249566595250448	0.0003249566595250448
5.9	0.0003249566595250448	0.0003249566595250448	0.0003249566595250448	0.0003249566595250448
6.0	0.0003210100075294777	0.0003210100075294777	0.0003210100075294777	0.0003210100075294777
6.1	0.00029027583545985456	0.00029027583545985456	0.00029027583545985456	0.00029027583545985456
6.2	0.00029027583545985456	0.00029027583545985456	0.00029027583545985456	0.00029027583545985456
6.300000000000001	0.000288875510489182	0.000288875510489182	0.000288875510489182	0.000288875510489182
6.4	0.00027202248977333763	0.00027202248977333763	0.00027202248977333763	0.00027202248977333763
6.5	0.0002586878148069562	0.0002586878148069562	0.0002586878148069562	0.0002586878148069562
6.6	0.0002586878148069562	0.0002586878148069562	0.0002586878148069562	0.0002586878148069562
6.7	0.00024074878260991922	0.00024074878260991922	0.00024074878260991922	0.00024074878260991922
6.800000000000001	0.00021742885934435138	0.00021742885934435138	0.00021742885934435138	0.00021742885934435138
6.9	0.0001807369937767086	0.0001807369937767086	0.0001807369937767086	0.0001807369937767086
7.0	0.00016562518615286924	0.00016562518615286924	0.00016562518615286924	0.00016562518615286924
7.1	0.00014352849608138476	0.00014352849608138476	0.00014352849608138476	0.00014352849608138476
7.2	0.0001325230025710035	0.0001325230025710035	0.0001325230025710035	0.0001325230025710035
7.300000000000001	0.00012263309313818198	0.00012263309313818198	0.00012263309313818198	0.00012263309313818198
7.4	9.480305912539214e-05	9.480305912539214e-05	9.480305912539214e-05	9.480305912539214e-05
7.5	6.840221234315922e-05	6.840221234315922e-05	6.840221234315922e-05	6.840221234315922e-05
7.6	5.284443529072531e-05	5.284443529072531e-05	5.284443529072531e-05	5.284443529072531e-05
7.7	4.4152507969058696e-05	4.4152507969058696e-05	4.4152507969058696e-05	4.4152507969058696e-05
7.800000000000001	3.355505959029684e-05	3.355505959029684e-05	3.355505959029684e-05	3.355505959029684e-05
7.9	2.095587330430887e-05	2.095587330430887e-05	2.095587330430887e-05	2.095587330430887e-05
8.0	1.5352707024197897e-05	1.5352707024197897e-05	1.5352707024197897e-05	1.5352707024197897e-05
8.100000000000001	9.359916744069117e-06	9.359916744069117e-06	9.359916744069117e-06	9.359916744069117e-06
8.2	0.0	0.0	0.0	0.0
8.3	0.0	0.0	0.0	0.0
8.4	0.0	0.0	0.0	0.0
8.5	0.0	0.0	0.0	0.0
8.600000000000001	0.0	0.0	0.0	0.0
8.7	0.0	0.0	0.0	0.0
8.8	0.0	0.0	0.0	0.0
8.9	0.0	0.0	0.0	0.0
9.0	0.0	0.0	0.0	0.0
9.100000000000001	0.0	0.0	0.0	0.0
9.2	0.0	0.0	0.0	0.0
9.3	0.0	0.0	0.0	0.0
9.4	0.0	0.0	0.0	0.0
9.5	0.0	0.0	0.0	0.0
9.600000000000001	0.0	0.0	0.0	0.0
9.7	0.0	0.0	0.0	0.0
9.8	0.0	0.0	0.0	0.0
9.9	0.0	0.0	0.0	0.0
