4.0	0.005397152067843583	0.005397152067843583	0.005397152067843583	0.005397152067843583
4.1	0.005397152067843583	0.005397152067843583	0.005397152067843583	0.005397152067843583
4.2	0.005397152067843583	0.005397152067843583	0.005397152067843583	0.005397152067843583
4.3	0.005397152067843583	0.005397152067843583	0.005397152067843583	0.005397152067843583
4.4	0.005397152067843583	0.005397152067843583	0.005397152067843583	0.005397152067843583
4.5	0.005397152067843583	0.005397152067843583	0.005397152067843583	0.005397152067843583
4.6	0.005397152067843583	0.005397152067843583	0.005397152067843583	0.005397152067843583
4.7	0.005397152067843583	0.005397152067843583	0.005397152067843583	0.005397152067843583
4.8	0.005397152067843583	0.005397152067843583	0.005397152067843583	0.005397152067843583
4.9	0.005397152067843583	0.005397152067843583	0.005397152067843583	0.005397152067843583
5.0	0.005397152067843583	0.005397152067843583	0.005397152067843583	0.005397152067843583
5.1	0.005397152067843583	0.005397152067843583	0.005397152067843583	0.005397152067843583
5.2	0.005397152067843583	0.005397152067843583	0.005397152067843583	0.005397152067843583
5.3	0.005397152067843583	0.005397152067843583	0.005397152067843583	0.005397152067843583
5.4	0.005397152067843583	0.005397152067843583	0.005397152067843583	0.005397152067843583
5.5	0.005397152067843583	0.005397152067843583	0.005397152067843583	0.005397152067843583
5.6	0.0034434611203678104	0.0034434611203678104	0.0034434611203678104	0.0034434611203678104
5.7	0.0032171344761442763	0.0032171344761442763	0.0032171344761442763	0.0032171344761442763
5.8	0.0032171344761442763	0.0032171344761442763	0.0032171344761442763	0.0032171344761442763
5.9	0.002473524536348974	0.002473524536348974	0.002473524536348974	0.002473524536348974
6.0	0.001929243742309017	0.001929243742309017	0.001929243742309017	0.001929243742309017
6.1	0.001771325179332853	0.001771325179332853	0.001771325179332853	0.001771325179332853
6.2	0.0014091003691035291	0.0014091003691035291	0.0014091003691035291	0.0014091003691035291
6.300000000000001	0.0014091003691035291	0.0014091003691035291	0.0014091003691035291	0.0014091003691035291
6.4	0.0012185928592251345	0.0012185928592251345	0.0012185928592251345	0.0012185928592251345
6.5	0.0009488548822012802	0.0009488548822012802	0.0009488548822012802	0.0009488548822012802
6.6	0.0008589914169201771	0.0008589914169201771	0.0008589914169201771	0.0008589914169201771
6.7	0.0008462677246369955	0.0008462677246369955	0.0008462677246369955	0.0008462677246369955
6.800000000000001	0.0007967254609117591	0.0007967254609117591	0.0007967254609117591	0.0007967254609117591
6.9	0.0007692248548212383	0.0007692248548212383	0.0007692248548212383	0.0007692248548212383
7.0	0.0007379052586672233	0.0007379052586672233	0.0007379052586672233	0.0007379052586672233
7.1	0.0005303610301365683	0.0005303610301365683	0.0005303610301365683	0.0005303610301365683
7.2	0.0004493829232574678	0.0004493829232574678	0.0004493829232574678	0.0004493829232574678
7.300000000000001	0.0004258004378009198	0.0004258004378009198	0.0004258004378009198	0.0004258004378009198
7.4	0.0003868092259378764	0.0003868092259378764	0.0003868092259378764	0.0003868092259378764
7.5	0.00036373831400105655	0.00036373831400105655	0.00036373831400105655	0.00036373831400105655
7.6	0.0002804918137951383	0.0002804918137951383	0.0002804918137951383	0.0002804918137951383
7.7	0.00022271297272237906	0.00022271297272237906	0.00022271297272237906	0.00022271297272237906
7.800000000000001	0.00017577183587012224	0.00017577183587012224	0.00017577183587012224	0.00017577183587012224
7.9	0.00010542148268110375	0.00010542148268110375	0.00010542148268110375	0.00010542148268110375
8.0	6.853864473944896e-05	6.853864473944896e-05	6.853864473944896e-05	6.853864473944896e-05
8.100000000000001	8.349366166073061e-06	8.349366166073061e-06	8.349366166073061e-06	8.349366166073061e-06
8.2	0.0	0.0	0.0	0.0
8.3	0.0	0.0	0.0	0.0
8.4	0.0	0.0	0.0	0.0
8.5	0.0	0.0	0.0	0.0
8.600000000000001	0.0	0.0	0.0	0.0
8.7	0.0	0.0	0.0	0.0
8.8	0.0	0.0	0.0	0.0
8.9	0.0	0.0	0.0	0.0
9.0	0.0	0.0	0.0	0.0
9.100000000000001	0.0	0.0	0.0	0.0
9.2	0.0	0.0	0.0	0.0
9.3	0.0	0.0	0.0	0.0
9.4	0.0	0.0	0.0	0.0
9.5	0.0	0.0	0.0	0.0
9.600000000000001	0.0	0.0	0.0	0.0
9.7	0.0	0.0	0.0	0.0
9.8	0.0	0.0	0.0	0.0
9.9	0.0	0.0	0.0	0.0
