4.0	0.08728807383217987	0.08728807383217987	0.08728807383217987	0.08728807383217987
4.1	0.08728807383217987	0.08728807383217987	0.08728807383217987	0.08728807383217987
4.2	0.08728807383217987	0.08728807383217987	0.08728807383217987	0.08728807383217987
4.3	0.08728807383217987	0.08728807383217987	0.08728807383217987	0.08728807383217987
4.4	0.08728807383217987	0.08728807383217987	0.08728807383217987	0.08728807383217987
4.5	0.08728807383217987	0.08728807383217987	0.08728807383217987	0.08728807383217987
4.6	0.08728807383217987	0.08728807383217987	0.08728807383217987	0.08728807383217987
4.7	0.08728807383217987	0.08728807383217987	0.08728807383217987	0.08728807383217987
4.8	0.08728807383217987	0.08728807383217987	0.08728807383217987	0.08728807383217987
4.9	0.08728807383217987	0.08728807383217987	0.08728807383217987	0.08728807383217987
5.0	0.08728807383217987	0.08728807383217987	0.08728807383217987	0.08728807383217987
5.1	0.08728807383217987	0.08728807383217987	0.08728807383217987	0.08728807383217987
5.2	0.08728807383217987	0.08728807383217987	0.08728807383217987	0.08728807383217987
5.3	0.08728807383217987	0.08728807383217987	0.08728807383217987	0.08728807383217987
5.4	0.08728807383217987	0.08728807383217987	0.08728807383217987	0.08728807383217987
5.5	0.08728807383217987	0.08728807383217987	0.08728807383217987	0.08728807383217987
5.6	0.07430319847064393	0.07430319847064393	0.07430319847064393	0.07430319847064393
5.7	0.06467205614865787	0.06467205614865787	0.06467205614865787	0.06467205614865787
5.8	0.05415001884017119	0.05415001884017119	0.05415001884017119	0.05415001884017119
5.9	0.04313465086759419	0.04313465086759419	0.04313465086759419	0.04313465086759419
6.0	0.037907848190008336	0.037907848190008336	0.037907848190008336	0.037907848190008336
6.1	0.033066862297567376	0.033066862297567376	0.033066862297567376	0.033066862297567376
6.2	0.027439758493898042	0.027439758493898042	0.027439758493898042	0.027439758493898042
6.300000000000001	0.023816172659001107	0.023816172659001107	0.023816172659001107	0.023816172659001107
6.4	0.021124615773062464	0.021124615773062464	0.021124615773062464	0.021124615773062464
6.5	0.01912871244409334	0.01912871244409334	0.01912871244409334	0.01912871244409334
6.6	0.017439721405866093	0.017439721405866093	0.017439721405866093	0.017439721405866093
6.7	0.016183344596042305	0.016183344596042305	0.016183344596042305	0.016183344596042305
6.800000000000001	0.014099378207309849	0.014099378207309849	0.014099378207309849	0.014099378207309849
6.9	0.012408513162393435	0.012408513162393435	0.012408513162393435	0.012408513162393435
7.0	0.010223748539784373	0.010223748539784373	0.010223748539784373	0.010223748539784373
7.1	0.00839342627197475	0.00839342627197475	0.00839342627197475	0.00839342627197475
7.2	0.0072838049482984975	0.0072838049482984975	0.0072838049482984975	0.0072838049482984975
7.300000000000001	0.006181378036546983	0.006181378036546983	0.006181378036546983	0.006181378036546983
7.4	0.005220553564266621	0.005220553564266621	0.005220553564266621	0.005220553564266621
7.5	0.004308440514574778	0.004308440514574778	0.004308440514574778	0.004308440514574778
7.6	0.003214293797794903	0.003214293797794903	0.003214293797794903	0.003214293797794903
7.7	0.0023514977266850035	0.0023514977266850035	0.0023514977266850035	0.0023514977266850035
7.800000000000001	0.0016316252435864098	0.0016316252435864098	0.0016316252435864098	0.0016316252435864098
7.9	0.0010468413658641493	0.0010468413658641493	0.0010468413658641493	0.0010468413658641493
8.0	0.0006942730649751739	0.0006942730649751739	0.0006942730649751739	0.0006942730649751739
8.100000000000001	0.0003753501160820808	0.0003753501160820808	0.0003753501160820808	0.0003753501160820808
8.2	9.301999346214855e-05	9.301999346214855e-05	9.301999346214855e-05	9.301999346214855e-05
8.3	3.511353672710283e-05	3.511353672710283e-05	3.511353672710283e-05	3.511353672710283e-05
8.4	0.0	0.0	0.0	0.0
8.5	0.0	0.0	0.0	0.0
8.600000000000001	0.0	0.0	0.0	0.0
8.7	0.0	0.0	0.0	0.0
8.8	0.0	0.0	0.0	0.0
8.9	0.0	0.0	0.0	0.0
9.0	0.0	0.0	0.0	0.0
9.100000000000001	0.0	0.0	0.0	0.0
9.2	0.0	0.0	0.0	0.0
9.3	0.0	0.0	0.0	0.0
9.4	0.0	0.0	0.0	0.0
9.5	0.0	0.0	0.0	0.0
9.600000000000001	0.0	0.0	0.0	0.0
9.7	0.0	0.0	0.0	0.0
9.8	0.0	0.0	0.0	0.0
9.9	0.0	0.0	0.0	0.0
