4.0	0.012721234930296229	0.012721234930296229	0.012721234930296229	0.012721234930296229
4.1	0.012721234930296225	0.012721234930296225	0.012721234930296225	0.012721234930296225
4.2	0.012721234930296229	0.012721234930296229	0.012721234930296229	0.012721234930296229
4.3	0.012721234930296227	0.012721234930296227	0.012721234930296227	0.012721234930296227
4.4	0.012721234930296229	0.012721234930296229	0.012721234930296229	0.012721234930296229
4.5	0.012721234930296225	0.012721234930296225	0.012721234930296225	0.012721234930296225
4.6	0.012721234930296229	0.012721234930296229	0.012721234930296229	0.012721234930296229
4.7	0.012721234930296227	0.012721234930296227	0.012721234930296227	0.012721234930296227
4.8	0.012721234930296229	0.012721234930296229	0.012721234930296229	0.012721234930296229
4.9	0.012721234930296225	0.012721234930296225	0.012721234930296225	0.012721234930296225
5.0	0.012721234930296229	0.012721234930296229	0.012721234930296229	0.012721234930296229
5.1	0.012721234930296227	0.012721234930296227	0.012721234930296227	0.012721234930296227
5.2	0.012721234930296229	0.012721234930296229	0.012721234930296229	0.012721234930296229
5.3	0.012721234930296225	0.012721234930296225	0.012721234930296225	0.012721234930296225
5.4	0.012721234930296229	0.012721234930296229	0.012721234930296229	0.012721234930296229
5.5	0.012721234930296227	0.012721234930296227	0.012721234930296227	0.012721234930296227
5.6	0.01225002409773286	0.01225002409773286	0.01225002409773286	0.01225002409773286
5.7	0.011771666156078655	0.011771666156078655	0.011771666156078655	0.011771666156078655
5.8	0.009568703522467165	0.009568703522467165	0.009568703522467165	0.009568703522467165
5.9	0.005546305413964271	0.005546305413964271	0.005546305413964271	0.005546305413964271
6.0	0.003343392644055763	0.003343392644055763	0.003343392644055763	0.003343392644055763
6.1	0.002793312287148486	0.002793312287148486	0.002793312287148486	0.002793312287148486
6.2	0.0022795999823784475	0.0022795999823784475	0.0022795999823784475	0.0022795999823784475
6.300000000000001	0.0018025137868205815	0.0018025137868205815	0.0018025137868205815	0.0018025137868205815
6.4	0.001615263577233653	0.001615263577233653	0.001615263577233653	0.001615263577233653
6.5	0.00118011781954835	0.00118011781954835	0.00118011781954835	0.00118011781954835
6.6	0.0010571423389487313	0.0010571423389487313	0.0010571423389487313	0.0010571423389487313
6.7	0.0010080281446338824	0.0010080281446338824	0.0010080281446338824	0.0010080281446338824
6.800000000000001	0.0008143016914945552	0.0008143016914945552	0.0008143016914945552	0.0008143016914945552
6.9	0.0007890224675292343	0.0007890224675292343	0.0007890224675292343	0.0007890224675292343
7.0	0.0007587109514806983	0.0007587109514806983	0.0007587109514806983	0.0007587109514806983
7.1	0.0005920135241960906	0.0005920135241960906	0.0005920135241960906	0.0005920135241960906
7.2	0.00048164406744499906	0.00048164406744499906	0.00048164406744499906	0.00048164406744499906
7.300000000000001	0.00041394146220376655	0.00041394146220376655	0.00041394146220376655	0.00041394146220376655
7.4	0.00036873222101144475	0.00036873222101144475	0.00036873222101144475	0.00036873222101144475
7.5	0.0002988180987713268	0.0002988180987713268	0.0002988180987713268	0.0002988180987713268
7.6	0.00018456947815880358	0.00018456947815880358	0.00018456947815880358	0.00018456947815880358
7.7	0.0001500129006670125	0.0001500129006670125	0.0001500129006670125	0.0001500129006670125
7.800000000000001	0.00010245530219191949	0.00010245530219191949	0.00010245530219191949	0.00010245530219191949
7.9	6.445681222049095e-05	6.445681222049095e-05	6.445681222049095e-05	6.445681222049095e-05
8.0	5.195115056754638e-05	5.195115056754638e-05	5.195115056754638e-05	5.195115056754638e-05
8.100000000000001	6.641365895443604e-06	6.641365895443604e-06	6.641365895443604e-06	6.641365895443604e-06
8.2	0.0	0.0	0.0	0.0
8.3	0.0	0.0	0.0	0.0
8.4	0.0	0.0	0.0	0.0
8.5	0.0	0.0	0.0	0.0
8.600000000000001	0.0	0.0	0.0	0.0
8.7	0.0	0.0	0.0	0.0
8.8	0.0	0.0	0.0	0.0
8.9	0.0	0.0	0.0	0.0
9.0	0.0	0.0	0.0	0.0
9.100000000000001	0.0	0.0	0.0	0.0
9.2	0.0	0.0	0.0	0.0
9.3	0.0	0.0	0.0	0.0
9.4	0.0	0.0	0.0	0.0
9.5	0.0	0.0	0.0	0.0
9.600000000000001	0.0	0.0	0.0	0.0
9.7	0.0	0.0	0.0	0.0
9.8	0.0	0.0	0.0	0.0
9.9	0.0	0.0	0.0	0.0
