4.0	0.0007237398968830563	0.0007237398968830563	0.0007237398968830563	0.0007237398968830563
4.1	0.0007237398968830563	0.0007237398968830563	0.0007237398968830563	0.0007237398968830563
4.2	0.0007237398968830563	0.0007237398968830563	0.0007237398968830563	0.0007237398968830563
4.3	0.0007237398968830563	0.0007237398968830563	0.0007237398968830563	0.0007237398968830563
4.4	0.0007237398968830563	0.0007237398968830563	0.0007237398968830563	0.0007237398968830563
4.5	0.0007237398968830563	0.0007237398968830563	0.0007237398968830563	0.0007237398968830563
4.6	0.0007237398968830563	0.0007237398968830563	0.0007237398968830563	0.0007237398968830563
4.7	0.0007237398968830563	0.0007237398968830563	0.0007237398968830563	0.0007237398968830563
4.8	0.0007237398968830563	0.0007237398968830563	0.0007237398968830563	0.0007237398968830563
4.9	0.0007237398968830563	0.0007237398968830563	0.0007237398968830563	0.0007237398968830563
5.0	0.0007237398968830563	0.0007237398968830563	0.0007237398968830563	0.0007237398968830563
5.1	0.0007237398968830563	0.0007237398968830563	0.0007237398968830563	0.0007237398968830563
5.2	0.0007237398968830563	0.0007237398968830563	0.0007237398968830563	0.0007237398968830563
5.3	0.0007237398968830563	0.0007237398968830563	0.0007237398968830563	0.0007237398968830563
5.4	0.0007237398968830563	0.0007237398968830563	0.0007237398968830563	0.0007237398968830563
5.5	0.0007237398968830563	0.0007237398968830563	0.0007237398968830563	0.0007237398968830563
5.6	0.0005584387373368297	0.0005584387373368297	0.0005584387373368297	0.0005584387373368297
5.7	0.0005233314596204616	0.0005233314596204616	0.0005233314596204616	0.0005233314596204616
5.8	0.0005233314596204616	0.0005233314596204616	0.0005233314596204616	0.0005233314596204616
5.9	0.0005174663531541778	0.0005174663531541778	0.0005174663531541778	0.0005174663531541778
6.0	0.0003804444990277791	0.0003804444990277791	0.0003804444990277791	0.0003804444990277791
6.1	0.000377504982543013	0.000377504982543013	0.000377504982543013	0.000377504982543013
6.2	0.0003338035981691377	0.0003338035981691377	0.0003338035981691377	0.0003338035981691377
6.300000000000001	0.00033233035003393596	0.00033233035003393596	0.00033233035003393596	0.00033233035003393596
6.4	0.00032920141061393244	0.00032920141061393244	0.00032920141061393244	0.00032920141061393244
6.5	0.00032920141061393244	0.00032920141061393244	0.00032920141061393244	0.00032920141061393244
6.6	0.00032554231346570175	0.00032554231346570175	0.00032554231346570175	0.00032554231346570175
6.7	0.0002979108187662316	0.0002979108187662316	0.0002979108187662316	0.0002979108187662316
6.800000000000001	0.00028117643440992644	0.00028117643440992644	0.00028117643440992644	0.00028117643440992644
6.9	0.00027388549431754753	0.00027388549431754753	0.00027388549431754753	0.00027388549431754753
7.0	0.00024007018372137253	0.00024007018372137253	0.00024007018372137253	0.00024007018372137253
7.1	0.00020061908833612539	0.00020061908833612539	0.00020061908833612539	0.00020061908833612539
7.2	0.00018592371822440842	0.00018592371822440842	0.00018592371822440842	0.00018592371822440842
7.300000000000001	0.00017887736680917993	0.00017887736680917993	0.00017887736680917993	0.00017887736680917993
7.4	0.00016925448944611848	0.00016925448944611848	0.00016925448944611848	0.00016925448944611848
7.5	0.00014880023401553922	0.00014880023401553922	0.00014880023401553922	0.00014880023401553922
7.6	0.00013226754382366046	0.00013226754382366046	0.00013226754382366046	0.00013226754382366046
7.7	0.0001227355882962424	0.0001227355882962424	0.0001227355882962424	0.0001227355882962424
7.800000000000001	9.80781821465262e-05	9.80781821465262e-05	9.80781821465262e-05	9.80781821465262e-05
7.9	8.838381170606223e-05	8.838381170606223e-05	8.838381170606223e-05	8.838381170606223e-05
8.0	7.409759603903802e-05	7.409759603903802e-05	7.409759603903802e-05	7.409759603903802e-05
8.100000000000001	4.898280354515783e-05	4.898280354515783e-05	4.898280354515783e-05	4.898280354515783e-05
8.2	1.8574938387636112e-05	1.8574938387636112e-05	1.8574938387636112e-05	1.8574938387636112e-05
8.3	8.705432153860252e-06	8.705432153860252e-06	8.705432153860252e-06	8.705432153860252e-06
8.4	0.0	0.0	0.0	0.0
8.5	0.0	0.0	0.0	0.0
8.600000000000001	0.0	0.0	0.0	0.0
8.7	0.0	0.0	0.0	0.0
8.8	0.0	0.0	0.0	0.0
8.9	0.0	0.0	0.0	0.0
9.0	0.0	0.0	0.0	0.0
9.100000000000001	0.0	0.0	0.0	0.0
9.2	0.0	0.0	0.0	0.0
9.3	0.0	0.0	0.0	0.0
9.4	0.0	0.0	0.0	0.0
9.5	0.0	0.0	0.0	0.0
9.600000000000001	0.0	0.0	0.0	0.0
9.7	0.0	0.0	0.0	0.0
9.8	0.0	0.0	0.0	0.0
9.9	0.0	0.0	0.0	0.0
