4.0	0.0014900156702334752	0.0014900156702334752	0.0014900156702334752	0.0014900156702334752
4.1	0.0014900156702334748	0.0014900156702334748	0.0014900156702334748	0.0014900156702334748
4.2	0.0014900156702334752	0.0014900156702334752	0.0014900156702334752	0.0014900156702334752
4.3	0.0014900156702334748	0.0014900156702334748	0.0014900156702334748	0.0014900156702334748
4.4	0.0014900156702334752	0.0014900156702334752	0.0014900156702334752	0.0014900156702334752
4.5	0.0014900156702334748	0.0014900156702334748	0.0014900156702334748	0.0014900156702334748
4.6	0.0014900156702334752	0.0014900156702334752	0.0014900156702334752	0.0014900156702334752
4.7	0.0014900156702334748	0.0014900156702334748	0.0014900156702334748	0.0014900156702334748
4.8	0.0014900156702334752	0.0014900156702334752	0.0014900156702334752	0.0014900156702334752
4.9	0.0014900156702334748	0.0014900156702334748	0.0014900156702334748	0.0014900156702334748
5.0	0.0014900156702334752	0.0014900156702334752	0.0014900156702334752	0.0014900156702334752
5.1	0.0014900156702334748	0.0014900156702334748	0.0014900156702334748	0.0014900156702334748
5.2	0.0014900156702334752	0.0014900156702334752	0.0014900156702334752	0.0014900156702334752
5.3	0.0014900156702334748	0.0014900156702334748	0.0014900156702334748	0.0014900156702334748
5.4	0.0014900156702334752	0.0014900156702334752	0.0014900156702334752	0.0014900156702334752
5.5	0.0014900156702334748	0.0014900156702334748	0.0014900156702334748	0.0014900156702334748
5.6	0.0014900156702334752	0.0014900156702334752	0.0014900156702334752	0.0014900156702334752
5.7	0.0005661359817244466	0.0005661359817244466	0.0005661359817244466	0.0005661359817244466
5.8	0.0005661359817244466	0.0005661359817244466	0.0005661359817244466	0.0005661359817244466
5.9	0.0004959789051656178	0.0004959789051656178	0.0004959789051656178	0.0004959789051656178
6.0	0.0004959789051656177	0.0004959789051656177	0.0004959789051656177	0.0004959789051656177
6.1	0.00047136562338169073	0.00047136562338169073	0.00047136562338169073	0.00047136562338169073
6.2	0.000431537351201599	0.000431537351201599	0.000431537351201599	0.000431537351201599
6.300000000000001	0.000410390158159699	0.000410390158159699	0.000410390158159699	0.000410390158159699
6.4	0.0003879335589113429	0.0003879335589113429	0.0003879335589113429	0.0003879335589113429
6.5	0.0003411226198678814	0.0003411226198678814	0.0003411226198678814	0.0003411226198678814
6.6	0.0003317434858229149	0.0003317434858229149	0.0003317434858229149	0.0003317434858229149
6.7	0.00029422346916523203	0.00029422346916523203	0.00029422346916523203	0.00029422346916523203
6.800000000000001	0.00023494020240740523	0.00023494020240740523	0.00023494020240740523	0.00023494020240740523
6.9	0.0002138206398992957	0.0002138206398992957	0.0002138206398992957	0.0002138206398992957
7.0	0.0001772606236416253	0.0001772606236416253	0.0001772606236416253	0.0001772606236416253
7.1	0.00015642518854819224	0.00015642518854819224	0.00015642518854819224	0.00015642518854819224
7.2	0.00013842164443108546	0.00013842164443108546	0.00013842164443108546	0.00013842164443108546
7.300000000000001	0.00011777224155022849	0.00011777224155022849	0.00011777224155022849	0.00011777224155022849
7.4	0.00010532829819997867	0.00010532829819997867	0.00010532829819997867	0.00010532829819997867
7.5	9.199726695993942e-05	9.199726695993942e-05	9.199726695993942e-05	9.199726695993942e-05
7.6	7.67911865687617e-05	7.67911865687617e-05	7.67911865687617e-05	7.67911865687617e-05
7.7	5.7552072069042236e-05	5.7552072069042236e-05	5.7552072069042236e-05	5.7552072069042236e-05
7.800000000000001	4.947562928060876e-05	4.947562928060876e-05	4.947562928060876e-05	4.947562928060876e-05
7.9	3.3917184275629194e-05	3.3917184275629194e-05	3.3917184275629194e-05	3.3917184275629194e-05
8.0	2.1445531480433826e-05	2.1445531480433826e-05	2.1445531480433826e-05	2.1445531480433826e-05
8.100000000000001	1.0894523105649286e-05	1.0894523105649286e-05	1.0894523105649286e-05	1.0894523105649286e-05
8.2	4.906307410099701e-06	4.906307410099701e-06	4.906307410099701e-06	4.906307410099701e-06
8.3	2.3462561448021208e-06	2.3462561448021208e-06	2.3462561448021208e-06	2.3462561448021208e-06
8.4	0.0	0.0	0.0	0.0
8.5	0.0	0.0	0.0	0.0
8.600000000000001	0.0	0.0	0.0	0.0
8.7	0.0	0.0	0.0	0.0
8.8	0.0	0.0	0.0	0.0
8.9	0.0	0.0	0.0	0.0
9.0	0.0	0.0	0.0	0.0
9.100000000000001	0.0	0.0	0.0	0.0
9.2	0.0	0.0	0.0	0.0
9.3	0.0	0.0	0.0	0.0
9.4	0.0	0.0	0.0	0.0
9.5	0.0	0.0	0.0	0.0
9.600000000000001	0.0	0.0	0.0	0.0
9.7	0.0	0.0	0.0	0.0
9.8	0.0	0.0	0.0	0.0
9.9	0.0	0.0	0.0	0.0
