4.0	0.007226155678908181	0.007226155678908181	0.007226155678908181	0.007226155678908181
4.1	0.007226155678908181	0.007226155678908181	0.007226155678908181	0.007226155678908181
4.2	0.007226155678908181	0.007226155678908181	0.007226155678908181	0.007226155678908181
4.3	0.007226155678908183	0.007226155678908183	0.007226155678908183	0.007226155678908183
4.4	0.007226155678908181	0.007226155678908181	0.007226155678908181	0.007226155678908181
4.5	0.007226155678908181	0.007226155678908181	0.007226155678908181	0.007226155678908181
4.6	0.007226155678908181	0.007226155678908181	0.007226155678908181	0.007226155678908181
4.7	0.007226155678908183	0.007226155678908183	0.007226155678908183	0.007226155678908183
4.8	0.007226155678908181	0.007226155678908181	0.007226155678908181	0.007226155678908181
4.9	0.007226155678908181	0.007226155678908181	0.007226155678908181	0.007226155678908181
5.0	0.007226155678908181	0.007226155678908181	0.007226155678908181	0.007226155678908181
5.1	0.007226155678908183	0.007226155678908183	0.007226155678908183	0.007226155678908183
5.2	0.007226155678908181	0.007226155678908181	0.007226155678908181	0.007226155678908181
5.3	0.007226155678908181	0.007226155678908181	0.007226155678908181	0.007226155678908181
5.4	0.007226155678908181	0.007226155678908181	0.007226155678908181	0.007226155678908181
5.5	0.007226155678908183	0.007226155678908183	0.007226155678908183	0.007226155678908183
5.6	0.007226155678908181	0.007226155678908181	0.007226155678908181	0.007226155678908181
5.7	0.004876740567183213	0.004876740567183213	0.004876740567183213	0.004876740567183213
5.8	0.00397147522632705	0.00397147522632705	0.00397147522632705	0.00397147522632705
5.9	0.0032380891591435026	0.0032380891591435026	0.0032380891591435026	0.0032380891591435026
6.0	0.002814676629375152	0.002814676629375152	0.002814676629375152	0.002814676629375152
6.1	0.0020853146793405374	0.0020853146793405374	0.0020853146793405374	0.0020853146793405374
6.2	0.0016960798799007472	0.0016960798799007472	0.0016960798799007472	0.0016960798799007472
6.300000000000001	0.0012277391394315156	0.0012277391394315156	0.0012277391394315156	0.0012277391394315156
6.4	0.001006656241300064	0.001006656241300064	0.001006656241300064	0.001006656241300064
6.5	0.0008915182772760484	0.0008915182772760484	0.0008915182772760484	0.0008915182772760484
6.6	0.0006347841726400688	0.0006347841726400688	0.0006347841726400688	0.0006347841726400688
6.7	0.0005818883338823361	0.0005818883338823361	0.0005818883338823361	0.0005818883338823361
6.800000000000001	0.0005662565096318262	0.0005662565096318262	0.0005662565096318262	0.0005662565096318262
6.9	0.00042450486338474556	0.00042450486338474556	0.00042450486338474556	0.00042450486338474556
7.0	0.0002465009071069755	0.0002465009071069755	0.0002465009071069755	0.0002465009071069755
7.1	0.0002019315746975238	0.0002019315746975238	0.0002019315746975238	0.0002019315746975238
7.2	0.000170673183228564	0.000170673183228564	0.000170673183228564	0.000170673183228564
7.300000000000001	0.00014123357461305142	0.00014123357461305142	0.00014123357461305142	0.00014123357461305142
7.4	0.0001008356714281074	0.0001008356714281074	0.0001008356714281074	0.0001008356714281074
7.5	7.554220173874889e-05	7.554220173874889e-05	7.554220173874889e-05	7.554220173874889e-05
7.6	3.489371659006808e-05	3.489371659006808e-05	3.489371659006808e-05	3.489371659006808e-05
7.7	2.014826950592116e-05	2.014826950592116e-05	2.014826950592116e-05	2.014826950592116e-05
7.800000000000001	9.816918447557932e-07	9.816918447557932e-07	9.816918447557932e-07	9.816918447557932e-07
7.9	0.0	0.0	0.0	0.0
8.0	0.0	0.0	0.0	0.0
8.100000000000001	0.0	0.0	0.0	0.0
8.2	0.0	0.0	0.0	0.0
8.3	0.0	0.0	0.0	0.0
8.4	0.0	0.0	0.0	0.0
8.5	0.0	0.0	0.0	0.0
8.600000000000001	0.0	0.0	0.0	0.0
8.7	0.0	0.0	0.0	0.0
8.8	0.0	0.0	0.0	0.0
8.9	0.0	0.0	0.0	0.0
9.0	0.0	0.0	0.0	0.0
9.100000000000001	0.0	0.0	0.0	0.0
9.2	0.0	0.0	0.0	0.0
9.3	0.0	0.0	0.0	0.0
9.4	0.0	0.0	0.0	0.0
9.5	0.0	0.0	0.0	0.0
9.600000000000001	0.0	0.0	0.0	0.0
9.7	0.0	0.0	0.0	0.0
9.8	0.0	0.0	0.0	0.0
9.9	0.0	0.0	0.0	0.0
