4.0	0.0011394589187353119	0.0011394589187353119	0.0011394589187353119	0.0011394589187353119
4.1	0.0011394589187353119	0.0011394589187353119	0.0011394589187353119	0.0011394589187353119
4.2	0.0011394589187353119	0.0011394589187353119	0.0011394589187353119	0.0011394589187353119
4.3	0.0011394589187353119	0.0011394589187353119	0.0011394589187353119	0.0011394589187353119
4.4	0.0011394589187353119	0.0011394589187353119	0.0011394589187353119	0.0011394589187353119
4.5	0.0011394589187353119	0.0011394589187353119	0.0011394589187353119	0.0011394589187353119
4.6	0.0011394589187353119	0.0011394589187353119	0.0011394589187353119	0.0011394589187353119
4.7	0.0011394589187353119	0.0011394589187353119	0.0011394589187353119	0.0011394589187353119
4.8	0.0011394589187353119	0.0011394589187353119	0.0011394589187353119	0.0011394589187353119
4.9	0.0011394589187353119	0.0011394589187353119	0.0011394589187353119	0.0011394589187353119
5.0	0.0011394589187353119	0.0011394589187353119	0.0011394589187353119	0.0011394589187353119
5.1	0.0011394589187353119	0.0011394589187353119	0.0011394589187353119	0.0011394589187353119
5.2	0.0011394589187353119	0.0011394589187353119	0.0011394589187353119	0.0011394589187353119
5.3	0.0011394589187353119	0.0011394589187353119	0.0011394589187353119	0.0011394589187353119
5.4	0.0011394589187353119	0.0011394589187353119	0.0011394589187353119	0.0011394589187353119
5.5	0.0011394589187353119	0.0011394589187353119	0.0011394589187353119	0.0011394589187353119
5.6	0.0011394589187353119	0.0011394589187353119	0.0011394589187353119	0.0011394589187353119
5.7	0.0011394589187353119	0.0011394589187353119	0.0011394589187353119	0.0011394589187353119
5.8	0.0011069981685417772	0.0011069981685417772	0.0011069981685417772	0.0011069981685417772
5.9	0.0010150763635119395	0.0010150763635119395	0.0010150763635119395	0.0010150763635119395
6.0	0.0008632331699962808	0.0008632331699962808	0.0008632331699962808	0.0008632331699962808
6.1	0.0008344393980132	0.0008344393980132	0.0008344393980132	0.0008344393980132
6.2	0.0008344393980132	0.0008344393980132	0.0008344393980132	0.0008344393980132
6.300000000000001	0.0007112942594455639	0.0007112942594455639	0.0007112942594455639	0.0007112942594455639
6.4	0.0006888181446280652	0.0006888181446280652	0.0006888181446280652	0.0006888181446280652
6.5	0.0006738706296957671	0.0006738706296957671	0.0006738706296957671	0.0006738706296957671
6.6	0.0005343319875851828	0.0005343319875851828	0.0005343319875851828	0.0005343319875851828
6.7	0.0004948445439975735	0.0004948445439975735	0.0004948445439975735	0.0004948445439975735
6.800000000000001	0.0003978856663765341	0.0003978856663765341	0.0003978856663765341	0.0003978856663765341
6.9	0.0003538102670575452	0.0003538102670575452	0.0003538102670575452	0.0003538102670575452
7.0	0.00033081924728764044	0.00033081924728764044	0.00033081924728764044	0.00033081924728764044
7.1	0.00028251567816230116	0.00028251567816230116	0.00028251567816230116	0.00028251567816230116
7.2	0.00022682311957981862	0.00022682311957981862	0.00022682311957981862	0.00022682311957981862
7.300000000000001	0.0001566771180757628	0.0001566771180757628	0.0001566771180757628	0.0001566771180757628
7.4	0.0001261122523454162	0.0001261122523454162	0.0001261122523454162	0.0001261122523454162
7.5	7.306818081532116e-05	7.306818081532116e-05	7.306818081532116e-05	7.306818081532116e-05
7.6	2.4903705424397788e-05	2.4903705424397788e-05	2.4903705424397788e-05	2.4903705424397788e-05
7.7	6.190570572732675e-06	6.190570572732675e-06	6.190570572732675e-06	6.190570572732675e-06
7.800000000000001	3.0748569352249797e-06	3.0748569352249797e-06	3.0748569352249797e-06	3.0748569352249797e-06
7.9	8.937632458165606e-07	8.937632458165606e-07	8.937632458165606e-07	8.937632458165606e-07
8.0	0.0	0.0	0.0	0.0
8.100000000000001	0.0	0.0	0.0	0.0
8.2	0.0	0.0	0.0	0.0
8.3	0.0	0.0	0.0	0.0
8.4	0.0	0.0	0.0	0.0
8.5	0.0	0.0	0.0	0.0
8.600000000000001	0.0	0.0	0.0	0.0
8.7	0.0	0.0	0.0	0.0
8.8	0.0	0.0	0.0	0.0
8.9	0.0	0.0	0.0	0.0
9.0	0.0	0.0	0.0	0.0
9.100000000000001	0.0	0.0	0.0	0.0
9.2	0.0	0.0	0.0	0.0
9.3	0.0	0.0	0.0	0.0
9.4	0.0	0.0	0.0	0.0
9.5	0.0	0.0	0.0	0.0
9.600000000000001	0.0	0.0	0.0	0.0
9.7	0.0	0.0	0.0	0.0
9.8	0.0	0.0	0.0	0.0
9.9	0.0	0.0	0.0	0.0
