4.0	0.06134933885428781	0.06134933885428781	0.06134933885428781	0.06134933885428781
4.1	0.06134933885428781	0.06134933885428781	0.06134933885428781	0.06134933885428781
4.2	0.06134933885428781	0.06134933885428781	0.06134933885428781	0.06134933885428781
4.3	0.06134933885428781	0.06134933885428781	0.06134933885428781	0.06134933885428781
4.4	0.06134933885428781	0.06134933885428781	0.06134933885428781	0.06134933885428781
4.5	0.06134933885428781	0.06134933885428781	0.06134933885428781	0.06134933885428781
4.6	0.06134933885428781	0.06134933885428781	0.06134933885428781	0.06134933885428781
4.7	0.06134933885428781	0.06134933885428781	0.06134933885428781	0.06134933885428781
4.8	0.06134933885428781	0.06134933885428781	0.06134933885428781	0.06134933885428781
4.9	0.06134933885428781	0.06134933885428781	0.06134933885428781	0.06134933885428781
5.0	0.06134933885428781	0.06134933885428781	0.06134933885428781	0.06134933885428781
5.1	0.06134933885428781	0.06134933885428781	0.06134933885428781	0.06134933885428781
5.2	0.06134933885428781	0.06134933885428781	0.06134933885428781	0.06134933885428781
5.3	0.06134933885428781	0.06134933885428781	0.06134933885428781	0.06134933885428781
5.4	0.06134933885428781	0.06134933885428781	0.06134933885428781	0.06134933885428781
5.5	0.06134933885428781	0.06134933885428781	0.06134933885428781	0.06134933885428781
5.6	0.05488007009741752	0.05488007009741752	0.05488007009741752	0.05488007009741752
5.7	0.04114039546399447	0.04114039546399447	0.04114039546399447	0.04114039546399447
5.8	0.03334950927293721	0.03334950927293721	0.03334950927293721	0.03334950927293721
5.9	0.016324041273899952	0.016324041273899952	0.016324041273899952	0.016324041273899952
6.0	0.016324041273899956	0.016324041273899956	0.016324041273899956	0.016324041273899956
6.1	0.0147929110766015	0.0147929110766015	0.0147929110766015	0.0147929110766015
6.2	0.007515749977667959	0.007515749977667959	0.007515749977667959	0.007515749977667959
6.300000000000001	0.007515749977667959	0.007515749977667959	0.007515749977667959	0.007515749977667959
6.4	0.007515749977667959	0.007515749977667959	0.007515749977667959	0.007515749977667959
6.5	0.006619730060273934	0.006619730060273934	0.006619730060273934	0.006619730060273934
6.6	0.004634310285667792	0.004634310285667792	0.004634310285667792	0.004634310285667792
6.7	0.004095630180147427	0.004095630180147427	0.004095630180147427	0.004095630180147427
6.800000000000001	0.003740091028618706	0.003740091028618706	0.003740091028618706	0.003740091028618706
6.9	0.0035505308896280384	0.0035505308896280384	0.0035505308896280384	0.0035505308896280384
7.0	0.003067300722848744	0.003067300722848744	0.003067300722848744	0.003067300722848744
7.1	0.0027138648742253057	0.0027138648742253057	0.0027138648742253057	0.0027138648742253057
7.2	0.001912350702084649	0.001912350702084649	0.001912350702084649	0.001912350702084649
7.300000000000001	0.0015401981937747384	0.0015401981937747384	0.0015401981937747384	0.0015401981937747384
7.4	0.0012968457777374253	0.0012968457777374253	0.0012968457777374253	0.0012968457777374253
7.5	0.0008777249669551072	0.0008777249669551072	0.0008777249669551072	0.0008777249669551072
7.6	0.00046257174687282644	0.00046257174687282644	0.00046257174687282644	0.00046257174687282644
7.7	0.00024476551974106744	0.00024476551974106744	0.00024476551974106744	0.00024476551974106744
7.800000000000001	0.0	0.0	0.0	0.0
7.9	0.0	0.0	0.0	0.0
8.0	0.0	0.0	0.0	0.0
8.100000000000001	0.0	0.0	0.0	0.0
8.2	0.0	0.0	0.0	0.0
8.3	0.0	0.0	0.0	0.0
8.4	0.0	0.0	0.0	0.0
8.5	0.0	0.0	0.0	0.0
8.600000000000001	0.0	0.0	0.0	0.0
8.7	0.0	0.0	0.0	0.0
8.8	0.0	0.0	0.0	0.0
8.9	0.0	0.0	0.0	0.0
9.0	0.0	0.0	0.0	0.0
9.100000000000001	0.0	0.0	0.0	0.0
9.2	0.0	0.0	0.0	0.0
9.3	0.0	0.0	0.0	0.0
9.4	0.0	0.0	0.0	0.0
9.5	0.0	0.0	0.0	0.0
9.600000000000001	0.0	0.0	0.0	0.0
9.7	0.0	0.0	0.0	0.0
9.8	0.0	0.0	0.0	0.0
9.9	0.0	0.0	0.0	0.0
