4.0	0.012156419145033525	0.012156419145033525	0.012156419145033525	0.012156419145033525
4.1	0.012156419145033525	0.012156419145033525	0.012156419145033525	0.012156419145033525
4.2	0.012156419145033527	0.012156419145033527	0.012156419145033527	0.012156419145033527
4.3	0.012156419145033525	0.012156419145033525	0.012156419145033525	0.012156419145033525
4.4	0.012156419145033525	0.012156419145033525	0.012156419145033525	0.012156419145033525
4.5	0.012156419145033525	0.012156419145033525	0.012156419145033525	0.012156419145033525
4.6	0.012156419145033527	0.012156419145033527	0.012156419145033527	0.012156419145033527
4.7	0.012156419145033525	0.012156419145033525	0.012156419145033525	0.012156419145033525
4.8	0.012156419145033525	0.012156419145033525	0.012156419145033525	0.012156419145033525
4.9	0.012156419145033525	0.012156419145033525	0.012156419145033525	0.012156419145033525
5.0	0.012156419145033527	0.012156419145033527	0.012156419145033527	0.012156419145033527
5.1	0.012156419145033525	0.012156419145033525	0.012156419145033525	0.012156419145033525
5.2	0.012156419145033525	0.012156419145033525	0.012156419145033525	0.012156419145033525
5.3	0.012156419145033525	0.012156419145033525	0.012156419145033525	0.012156419145033525
5.4	0.012156419145033527	0.012156419145033527	0.012156419145033527	0.012156419145033527
5.5	0.012156419145033525	0.012156419145033525	0.012156419145033525	0.012156419145033525
5.6	0.009856917528768282	0.009856917528768282	0.009856917528768282	0.009856917528768282
5.7	0.0048195725104890905	0.0048195725104890905	0.0048195725104890905	0.0048195725104890905
5.8	0.0035221255115824275	0.0035221255115824275	0.0035221255115824275	0.0035221255115824275
5.9	0.0035221255115824275	0.0035221255115824275	0.0035221255115824275	0.0035221255115824275
6.0	0.0023015184666339912	0.0023015184666339912	0.0023015184666339912	0.0023015184666339912
6.1	0.0017717283950764579	0.0017717283950764579	0.0017717283950764579	0.0017717283950764579
6.2	0.0017717283950764579	0.0017717283950764579	0.0017717283950764579	0.0017717283950764579
6.300000000000001	0.0017717283950764579	0.0017717283950764579	0.0017717283950764579	0.0017717283950764579
6.4	0.0017717283950764579	0.0017717283950764579	0.0017717283950764579	0.0017717283950764579
6.5	0.0017717283950764579	0.0017717283950764579	0.0017717283950764579	0.0017717283950764579
6.6	0.001770813720536755	0.001770813720536755	0.001770813720536755	0.001770813720536755
6.7	0.0017510637510105406	0.0017510637510105406	0.0017510637510105406	0.0017510637510105406
6.800000000000001	0.0015722123618816632	0.0015722123618816632	0.0015722123618816632	0.0015722123618816632
6.9	0.001470168694729597	0.001470168694729597	0.001470168694729597	0.001470168694729597
7.0	0.001463500371660444	0.001463500371660444	0.001463500371660444	0.001463500371660444
7.1	0.0014466619498395387	0.0014466619498395387	0.0014466619498395387	0.0014466619498395387
7.2	0.0012188741653766095	0.0012188741653766095	0.0012188741653766095	0.0012188741653766095
7.300000000000001	0.001077853088760184	0.001077853088760184	0.001077853088760184	0.001077853088760184
7.4	0.001012029674674254	0.001012029674674254	0.001012029674674254	0.001012029674674254
7.5	0.00092914835519843	0.00092914835519843	0.00092914835519843	0.00092914835519843
7.6	0.0008894281384522293	0.0008894281384522293	0.0008894281384522293	0.0008894281384522293
7.7	0.0008020975059138467	0.0008020975059138467	0.0008020975059138467	0.0008020975059138467
7.800000000000001	0.000660205859550614	0.000660205859550614	0.000660205859550614	0.000660205859550614
7.9	0.0005098083953049301	0.0005098083953049301	0.0005098083953049301	0.0005098083953049301
8.0	0.00040355908484783097	0.00040355908484783097	0.00040355908484783097	0.00040355908484783097
8.100000000000001	0.0002697957261036068	0.0002697957261036068	0.0002697957261036068	0.0002697957261036068
8.2	2.887733962171915e-05	2.887733962171915e-05	2.887733962171915e-05	2.887733962171915e-05
8.3	7.630194614299953e-06	7.630194614299953e-06	7.630194614299953e-06	7.630194614299953e-06
8.4	0.0	0.0	0.0	0.0
8.5	0.0	0.0	0.0	0.0
8.600000000000001	0.0	0.0	0.0	0.0
8.7	0.0	0.0	0.0	0.0
8.8	0.0	0.0	0.0	0.0
8.9	0.0	0.0	0.0	0.0
9.0	0.0	0.0	0.0	0.0
9.100000000000001	0.0	0.0	0.0	0.0
9.2	0.0	0.0	0.0	0.0
9.3	0.0	0.0	0.0	0.0
9.4	0.0	0.0	0.0	0.0
9.5	0.0	0.0	0.0	0.0
9.600000000000001	0.0	0.0	0.0	0.0
9.7	0.0	0.0	0.0	0.0
9.8	0.0	0.0	0.0	0.0
9.9	0.0	0.0	0.0	0.0
