4.0	0.0034902747799129504	0.0034902747799129504	0.0034902747799129504	0.0034902747799129504
4.1	0.0034902747799129504	0.0034902747799129504	0.0034902747799129504	0.0034902747799129504
4.2	0.0034902747799129504	0.0034902747799129504	0.0034902747799129504	0.0034902747799129504
4.3	0.0034902747799129504	0.0034902747799129504	0.0034902747799129504	0.0034902747799129504
4.4	0.0034902747799129504	0.0034902747799129504	0.0034902747799129504	0.0034902747799129504
4.5	0.0034902747799129504	0.0034902747799129504	0.0034902747799129504	0.0034902747799129504
4.6	0.0034902747799129504	0.0034902747799129504	0.0034902747799129504	0.0034902747799129504
4.7	0.0034902747799129504	0.0034902747799129504	0.0034902747799129504	0.0034902747799129504
4.8	0.0034902747799129504	0.0034902747799129504	0.0034902747799129504	0.0034902747799129504
4.9	0.0034902747799129504	0.0034902747799129504	0.0034902747799129504	0.0034902747799129504
5.0	0.0034902747799129504	0.0034902747799129504	0.0034902747799129504	0.0034902747799129504
5.1	0.0034902747799129504	0.0034902747799129504	0.0034902747799129504	0.0034902747799129504
5.2	0.0034902747799129504	0.0034902747799129504	0.0034902747799129504	0.0034902747799129504
5.3	0.0034902747799129504	0.0034902747799129504	0.0034902747799129504	0.0034902747799129504
5.4	0.0034902747799129504	0.0034902747799129504	0.0034902747799129504	0.0034902747799129504
5.5	0.0034902747799129504	0.0034902747799129504	0.0034902747799129504	0.0034902747799129504
5.6	0.0034902747799129504	0.0034902747799129504	0.0034902747799129504	0.0034902747799129504
5.7	0.0034902747799129504	0.0034902747799129504	0.0034902747799129504	0.0034902747799129504
5.8	0.0031138251627076848	0.0031138251627076848	0.0031138251627076848	0.0031138251627076848
5.9	0.0025275121397340047	0.0025275121397340047	0.0025275121397340047	0.0025275121397340047
6.0	0.0018954618032060503	0.0018954618032060503	0.0018954618032060503	0.0018954618032060503
6.1	0.0014346474954868797	0.0014346474954868797	0.0014346474954868797	0.0014346474954868797
6.2	0.0010138560803927084	0.0010138560803927084	0.0010138560803927084	0.0010138560803927084
6.300000000000001	0.0008331092775305557	0.0008331092775305557	0.0008331092775305557	0.0008331092775305557
6.4	0.0007454337094989748	0.0007454337094989748	0.0007454337094989748	0.0007454337094989748
6.5	0.0006347150549158628	0.0006347150549158628	0.0006347150549158628	0.0006347150549158628
6.6	0.0006287769636458022	0.0006287769636458022	0.0006287769636458022	0.0006287769636458022
6.7	0.0005060246405335176	0.0005060246405335176	0.0005060246405335176	0.0005060246405335176
6.800000000000001	0.0005060246405335175	0.0005060246405335175	0.0005060246405335175	0.0005060246405335175
6.9	0.00038907604753488177	0.00038907604753488177	0.00038907604753488177	0.00038907604753488177
7.0	0.00037406753984369287	0.00037406753984369287	0.00037406753984369287	0.00037406753984369287
7.1	0.0003587914408327228	0.0003587914408327228	0.0003587914408327228	0.0003587914408327228
7.2	0.00032475183467849887	0.00032475183467849887	0.00032475183467849887	0.00032475183467849887
7.300000000000001	0.0002535888449976809	0.0002535888449976809	0.0002535888449976809	0.0002535888449976809
7.4	0.00019782517929436557	0.00019782517929436557	0.00019782517929436557	0.00019782517929436557
7.5	0.0001588396111815156	0.0001588396111815156	0.0001588396111815156	0.0001588396111815156
7.6	0.00013247648138996307	0.00013247648138996307	0.00013247648138996307	0.00013247648138996307
7.7	9.526138273068798e-05	9.526138273068798e-05	9.526138273068798e-05	9.526138273068798e-05
7.800000000000001	5.9398822879822194e-05	5.9398822879822194e-05	5.9398822879822194e-05	5.9398822879822194e-05
7.9	3.490819866418893e-05	3.490819866418893e-05	3.490819866418893e-05	3.490819866418893e-05
8.0	1.4197914125025404e-05	1.4197914125025404e-05	1.4197914125025404e-05	1.4197914125025404e-05
8.100000000000001	0.0	0.0	0.0	0.0
8.2	0.0	0.0	0.0	0.0
8.3	0.0	0.0	0.0	0.0
8.4	0.0	0.0	0.0	0.0
8.5	0.0	0.0	0.0	0.0
8.600000000000001	0.0	0.0	0.0	0.0
8.7	0.0	0.0	0.0	0.0
8.8	0.0	0.0	0.0	0.0
8.9	0.0	0.0	0.0	0.0
9.0	0.0	0.0	0.0	0.0
9.100000000000001	0.0	0.0	0.0	0.0
9.2	0.0	0.0	0.0	0.0
9.3	0.0	0.0	0.0	0.0
9.4	0.0	0.0	0.0	0.0
9.5	0.0	0.0	0.0	0.0
9.600000000000001	0.0	0.0	0.0	0.0
9.7	0.0	0.0	0.0	0.0
9.8	0.0	0.0	0.0	0.0
9.9	0.0	0.0	0.0	0.0
