4.0	0.0005964027165959953	0.0005964027165959953	0.0005964027165959953	0.0005964027165959953
4.1	0.0005964027165959953	0.0005964027165959953	0.0005964027165959953	0.0005964027165959953
4.2	0.0005964027165959953	0.0005964027165959953	0.0005964027165959953	0.0005964027165959953
4.3	0.0005964027165959953	0.0005964027165959953	0.0005964027165959953	0.0005964027165959953
4.4	0.0005964027165959953	0.0005964027165959953	0.0005964027165959953	0.0005964027165959953
4.5	0.0005964027165959953	0.0005964027165959953	0.0005964027165959953	0.0005964027165959953
4.6	0.0005964027165959953	0.0005964027165959953	0.0005964027165959953	0.0005964027165959953
4.7	0.0005964027165959953	0.0005964027165959953	0.0005964027165959953	0.0005964027165959953
4.8	0.0005964027165959953	0.0005964027165959953	0.0005964027165959953	0.0005964027165959953
4.9	0.0005964027165959953	0.0005964027165959953	0.0005964027165959953	0.0005964027165959953
5.0	0.0005964027165959953	0.0005964027165959953	0.0005964027165959953	0.0005964027165959953
5.1	0.0005964027165959953	0.0005964027165959953	0.0005964027165959953	0.0005964027165959953
5.2	0.0005964027165959953	0.0005964027165959953	0.0005964027165959953	0.0005964027165959953
5.3	0.0005964027165959953	0.0005964027165959953	0.0005964027165959953	0.0005964027165959953
5.4	0.0005964027165959953	0.0005964027165959953	0.0005964027165959953	0.0005964027165959953
5.5	0.0005964027165959953	0.0005964027165959953	0.0005964027165959953	0.0005964027165959953
5.6	0.0005725783045849686	0.0005725783045849686	0.0005725783045849686	0.0005725783045849686
5.7	0.0005613340432192104	0.0005613340432192104	0.0005613340432192104	0.0005613340432192104
5.8	0.0003782465122739648	0.0003782465122739648	0.0003782465122739648	0.0003782465122739648
5.9	0.000366975551777792	0.000366975551777792	0.000366975551777792	0.000366975551777792
6.0	0.0003649807445354856	0.0003649807445354856	0.0003649807445354856	0.0003649807445354856
6.1	0.0003635685291576358	0.0003635685291576358	0.0003635685291576358	0.0003635685291576358
6.2	0.0003635685291576358	0.0003635685291576358	0.0003635685291576358	0.0003635685291576358
6.300000000000001	0.00036144517620210456	0.00036144517620210456	0.00036144517620210456	0.00036144517620210456
6.4	0.000359950661489538	0.000359950661489538	0.000359950661489538	0.000359950661489538
6.5	0.0003203559024856528	0.0003203559024856528	0.0003203559024856528	0.0003203559024856528
6.6	0.0003162562889529742	0.0003162562889529742	0.0003162562889529742	0.0003162562889529742
6.7	0.0002981069854870026	0.0002981069854870026	0.0002981069854870026	0.0002981069854870026
6.800000000000001	0.0002848656854745942	0.0002848656854745942	0.0002848656854745942	0.0002848656854745942
6.9	0.00024994740497299956	0.00024994740497299956	0.00024994740497299956	0.00024994740497299956
7.0	0.00020835120261202296	0.00020835120261202296	0.00020835120261202296	0.00020835120261202296
7.1	0.00018599343534377044	0.00018599343534377044	0.00018599343534377044	0.00018599343534377044
7.2	0.00015803242788295485	0.00015803242788295485	0.00015803242788295485	0.00015803242788295485
7.300000000000001	0.00014234045154145732	0.00014234045154145732	0.00014234045154145732	0.00014234045154145732
7.4	0.00012556857795838374	0.00012556857795838374	0.00012556857795838374	0.00012556857795838374
7.5	9.406070267678406e-05	9.406070267678406e-05	9.406070267678406e-05	9.406070267678406e-05
7.6	6.559065288592685e-05	6.559065288592685e-05	6.559065288592685e-05	6.559065288592685e-05
7.7	3.8087481535504846e-05	3.8087481535504846e-05	3.8087481535504846e-05	3.8087481535504846e-05
7.800000000000001	1.6517011585846836e-05	1.6517011585846836e-05	1.6517011585846836e-05	1.6517011585846836e-05
7.9	5.382583073553845e-06	5.382583073553845e-06	5.382583073553845e-06	5.382583073553845e-06
8.0	0.0	0.0	0.0	0.0
8.100000000000001	0.0	0.0	0.0	0.0
8.2	0.0	0.0	0.0	0.0
8.3	0.0	0.0	0.0	0.0
8.4	0.0	0.0	0.0	0.0
8.5	0.0	0.0	0.0	0.0
8.600000000000001	0.0	0.0	0.0	0.0
8.7	0.0	0.0	0.0	0.0
8.8	0.0	0.0	0.0	0.0
8.9	0.0	0.0	0.0	0.0
9.0	0.0	0.0	0.0	0.0
9.100000000000001	0.0	0.0	0.0	0.0
9.2	0.0	0.0	0.0	0.0
9.3	0.0	0.0	0.0	0.0
9.4	0.0	0.0	0.0	0.0
9.5	0.0	0.0	0.0	0.0
9.600000000000001	0.0	0.0	0.0	0.0
9.7	0.0	0.0	0.0	0.0
9.8	0.0	0.0	0.0	0.0
9.9	0.0	0.0	0.0	0.0
