4.0	0.03606440719107535	0.03606440719107535	0.03606440719107535	0.03606440719107535
4.1	0.03606440719107535	0.03606440719107535	0.03606440719107535	0.03606440719107535
4.2	0.03606440719107535	0.03606440719107535	0.03606440719107535	0.03606440719107535
4.3	0.03606440719107535	0.03606440719107535	0.03606440719107535	0.03606440719107535
4.4	0.03606440719107535	0.03606440719107535	0.03606440719107535	0.03606440719107535
4.5	0.03606440719107535	0.03606440719107535	0.03606440719107535	0.03606440719107535
4.6	0.03606440719107535	0.03606440719107535	0.03606440719107535	0.03606440719107535
4.7	0.03606440719107535	0.03606440719107535	0.03606440719107535	0.03606440719107535
4.8	0.03606440719107535	0.03606440719107535	0.03606440719107535	0.03606440719107535
4.9	0.03606440719107535	0.03606440719107535	0.03606440719107535	0.03606440719107535
5.0	0.03606440719107535	0.03606440719107535	0.03606440719107535	0.03606440719107535
5.1	0.03606440719107535	0.03606440719107535	0.03606440719107535	0.03606440719107535
5.2	0.03606440719107535	0.03606440719107535	0.03606440719107535	0.03606440719107535
5.3	0.03606440719107535	0.03606440719107535	0.03606440719107535	0.03606440719107535
5.4	0.03606440719107535	0.03606440719107535	0.03606440719107535	0.03606440719107535
5.5	0.03606440719107535	0.03606440719107535	0.03606440719107535	0.03606440719107535
5.6	0.03606440719107535	0.03606440719107535	0.03606440719107535	0.03606440719107535
5.7	0.03606440719107535	0.03606440719107535	0.03606440719107535	0.03606440719107535
5.8	0.03606440719107535	0.03606440719107535	0.03606440719107535	0.03606440719107535
5.9	0.02955870399855279	0.02955870399855279	0.02955870399855279	0.02955870399855279
6.0	0.022506746632814673	0.022506746632814673	0.022506746632814673	0.022506746632814673
6.1	0.019911825045451675	0.019911825045451675	0.019911825045451675	0.019911825045451675
6.2	0.019911825045451675	0.019911825045451675	0.019911825045451675	0.019911825045451675
6.300000000000001	0.01686120688017706	0.01686120688017706	0.01686120688017706	0.01686120688017706
6.4	0.015155886422409857	0.015155886422409857	0.015155886422409857	0.015155886422409857
6.5	0.011878391405380512	0.011878391405380512	0.011878391405380512	0.011878391405380512
6.6	0.008491841232938335	0.008491841232938335	0.008491841232938335	0.008491841232938335
6.7	0.006122397361131279	0.006122397361131279	0.006122397361131279	0.006122397361131279
6.800000000000001	0.003812893797951763	0.003812893797951763	0.003812893797951763	0.003812893797951763
6.9	0.003812893797951763	0.003812893797951763	0.003812893797951763	0.003812893797951763
7.0	0.0028647224285501195	0.0028647224285501195	0.0028647224285501195	0.0028647224285501195
7.1	0.0014689168118292477	0.0014689168118292477	0.0014689168118292477	0.0014689168118292477
7.2	0.000570907502119547	0.000570907502119547	0.000570907502119547	0.000570907502119547
7.300000000000001	0.0	0.0	0.0	0.0
7.4	0.0	0.0	0.0	0.0
7.5	0.0	0.0	0.0	0.0
7.6	0.0	0.0	0.0	0.0
7.7	0.0	0.0	0.0	0.0
7.800000000000001	0.0	0.0	0.0	0.0
7.9	0.0	0.0	0.0	0.0
8.0	0.0	0.0	0.0	0.0
8.100000000000001	0.0	0.0	0.0	0.0
8.2	0.0	0.0	0.0	0.0
8.3	0.0	0.0	0.0	0.0
8.4	0.0	0.0	0.0	0.0
8.5	0.0	0.0	0.0	0.0
8.600000000000001	0.0	0.0	0.0	0.0
8.7	0.0	0.0	0.0	0.0
8.8	0.0	0.0	0.0	0.0
8.9	0.0	0.0	0.0	0.0
9.0	0.0	0.0	0.0	0.0
9.100000000000001	0.0	0.0	0.0	0.0
9.2	0.0	0.0	0.0	0.0
9.3	0.0	0.0	0.0	0.0
9.4	0.0	0.0	0.0	0.0
9.5	0.0	0.0	0.0	0.0
9.600000000000001	0.0	0.0	0.0	0.0
9.7	0.0	0.0	0.0	0.0
9.8	0.0	0.0	0.0	0.0
9.9	0.0	0.0	0.0	0.0
