4.0	0.011049357275822924	0.011049357275822924	0.011049357275822924	0.011049357275822924
4.1	0.011049357275822924	0.011049357275822924	0.011049357275822924	0.011049357275822924
4.2	0.011049357275822924	0.011049357275822924	0.011049357275822924	0.011049357275822924
4.3	0.011049357275822924	0.011049357275822924	0.011049357275822924	0.011049357275822924
4.4	0.011049357275822924	0.011049357275822924	0.011049357275822924	0.011049357275822924
4.5	0.011049357275822924	0.011049357275822924	0.011049357275822924	0.011049357275822924
4.6	0.011049357275822924	0.011049357275822924	0.011049357275822924	0.011049357275822924
4.7	0.011049357275822924	0.011049357275822924	0.011049357275822924	0.011049357275822924
4.8	0.011049357275822924	0.011049357275822924	0.011049357275822924	0.011049357275822924
4.9	0.011049357275822924	0.011049357275822924	0.011049357275822924	0.011049357275822924
5.0	0.011049357275822924	0.011049357275822924	0.011049357275822924	0.011049357275822924
5.1	0.011049357275822924	0.011049357275822924	0.011049357275822924	0.011049357275822924
5.2	0.011049357275822924	0.011049357275822924	0.011049357275822924	0.011049357275822924
5.3	0.011049357275822924	0.011049357275822924	0.011049357275822924	0.011049357275822924
5.4	0.011049357275822924	0.011049357275822924	0.011049357275822924	0.011049357275822924
5.5	0.011049357275822924	0.011049357275822924	0.011049357275822924	0.011049357275822924
5.6	0.011049357275822924	0.011049357275822924	0.011049357275822924	0.011049357275822924
5.7	0.00788530205716492	0.00788530205716492	0.00788530205716492	0.00788530205716492
5.8	0.005571101616182214	0.005571101616182214	0.005571101616182214	0.005571101616182214
5.9	0.0040247316687929595	0.0040247316687929595	0.0040247316687929595	0.0040247316687929595
6.0	0.0036653794077445593	0.0036653794077445593	0.0036653794077445593	0.0036653794077445593
6.1	0.00336342041223318	0.00336342041223318	0.00336342041223318	0.00336342041223318
6.2	0.0030317074154465676	0.0030317074154465676	0.0030317074154465676	0.0030317074154465676
6.300000000000001	0.002271538412964168	0.002271538412964168	0.002271538412964168	0.002271538412964168
6.4	0.002182276152841146	0.002182276152841146	0.002182276152841146	0.002182276152841146
6.5	0.0020630794723633878	0.0020630794723633878	0.0020630794723633878	0.0020630794723633878
6.6	0.001895410791644972	0.001895410791644972	0.001895410791644972	0.001895410791644972
6.7	0.0015079982519456035	0.0015079982519456035	0.0015079982519456035	0.0015079982519456035
6.800000000000001	0.001405920688603829	0.001405920688603829	0.001405920688603829	0.001405920688603829
6.9	0.0012563330530590516	0.0012563330530590516	0.0012563330530590516	0.0012563330530590516
7.0	0.00100955696505901	0.00100955696505901	0.00100955696505901	0.00100955696505901
7.1	0.000967778277710628	0.000967778277710628	0.000967778277710628	0.000967778277710628
7.2	0.0008216824524283908	0.0008216824524283908	0.0008216824524283908	0.0008216824524283908
7.300000000000001	0.0006484380480578211	0.0006484380480578211	0.0006484380480578211	0.0006484380480578211
7.4	0.00044692430397414356	0.00044692430397414356	0.00044692430397414356	0.00044692430397414356
7.5	0.0002675270192571651	0.0002675270192571651	0.0002675270192571651	0.0002675270192571651
7.6	0.00016263736941559328	0.00016263736941559328	0.00016263736941559328	0.00016263736941559328
7.7	8.525717925285164e-05	8.525717925285164e-05	8.525717925285164e-05	8.525717925285164e-05
7.800000000000001	3.468695012820485e-05	3.468695012820485e-05	3.468695012820485e-05	3.468695012820485e-05
7.9	3.0071228720896627e-05	3.0071228720896627e-05	3.0071228720896627e-05	3.0071228720896627e-05
8.0	2.6631114056184286e-05	2.6631114056184286e-05	2.6631114056184286e-05	2.6631114056184286e-05
8.100000000000001	1.724375642567805e-05	1.724375642567805e-05	1.724375642567805e-05	1.724375642567805e-05
8.2	4.221363056247442e-06	4.221363056247442e-06	4.221363056247442e-06	4.221363056247442e-06
8.3	1.7497605646205686e-06	1.7497605646205686e-06	1.7497605646205686e-06	1.7497605646205686e-06
8.4	0.0	0.0	0.0	0.0
8.5	0.0	0.0	0.0	0.0
8.600000000000001	0.0	0.0	0.0	0.0
8.7	0.0	0.0	0.0	0.0
8.8	0.0	0.0	0.0	0.0
8.9	0.0	0.0	0.0	0.0
9.0	0.0	0.0	0.0	0.0
9.100000000000001	0.0	0.0	0.0	0.0
9.2	0.0	0.0	0.0	0.0
9.3	0.0	0.0	0.0	0.0
9.4	0.0	0.0	0.0	0.0
9.5	0.0	0.0	0.0	0.0
9.600000000000001	0.0	0.0	0.0	0.0
9.7	0.0	0.0	0.0	0.0
9.8	0.0	0.0	0.0	0.0
9.9	0.0	0.0	0.0	0.0
