4.0	0.003556433124165982	0.003556433124165982	0.003556433124165982	0.003556433124165982
4.1	0.003556433124165982	0.003556433124165982	0.003556433124165982	0.003556433124165982
4.2	0.003556433124165982	0.003556433124165982	0.003556433124165982	0.003556433124165982
4.3	0.003556433124165982	0.003556433124165982	0.003556433124165982	0.003556433124165982
4.4	0.003556433124165982	0.003556433124165982	0.003556433124165982	0.003556433124165982
4.5	0.003556433124165982	0.003556433124165982	0.003556433124165982	0.003556433124165982
4.6	0.003556433124165982	0.003556433124165982	0.003556433124165982	0.003556433124165982
4.7	0.003556433124165982	0.003556433124165982	0.003556433124165982	0.003556433124165982
4.8	0.003556433124165982	0.003556433124165982	0.003556433124165982	0.003556433124165982
4.9	0.003556433124165982	0.003556433124165982	0.003556433124165982	0.003556433124165982
5.0	0.003556433124165982	0.003556433124165982	0.003556433124165982	0.003556433124165982
5.1	0.003556433124165982	0.003556433124165982	0.003556433124165982	0.003556433124165982
5.2	0.003556433124165982	0.003556433124165982	0.003556433124165982	0.003556433124165982
5.3	0.003556433124165982	0.003556433124165982	0.003556433124165982	0.003556433124165982
5.4	0.003556433124165982	0.003556433124165982	0.003556433124165982	0.003556433124165982
5.5	0.003556433124165982	0.003556433124165982	0.003556433124165982	0.003556433124165982
5.6	0.002898413026081199	0.002898413026081199	0.002898413026081199	0.002898413026081199
5.7	0.002288095613118844	0.002288095613118844	0.002288095613118844	0.002288095613118844
5.8	0.0015157368221180053	0.0015157368221180053	0.0015157368221180053	0.0015157368221180053
5.9	0.0011405080175632893	0.0011405080175632893	0.0011405080175632893	0.0011405080175632893
6.0	0.0009439940369259682	0.0009439940369259682	0.0009439940369259682	0.0009439940369259682
6.1	0.0007294677117597086	0.0007294677117597086	0.0007294677117597086	0.0007294677117597086
6.2	0.000522950516092966	0.000522950516092966	0.000522950516092966	0.000522950516092966
6.300000000000001	0.0003835287017120867	0.0003835287017120867	0.0003835287017120867	0.0003835287017120867
6.4	0.00035037160572255	0.00035037160572255	0.00035037160572255	0.00035037160572255
6.5	0.00027274529509086447	0.00027274529509086447	0.00027274529509086447	0.00027274529509086447
6.6	0.00023112844996855811	0.00023112844996855811	0.00023112844996855811	0.00023112844996855811
6.7	0.00020373560994790973	0.00020373560994790973	0.00020373560994790973	0.00020373560994790973
6.800000000000001	0.00014339039842587242	0.00014339039842587242	0.00014339039842587242	0.00014339039842587242
6.9	0.00010699208967741582	0.00010699208967741582	0.00010699208967741582	0.00010699208967741582
7.0	0.00010699208967741585	0.00010699208967741585	0.00010699208967741585	0.00010699208967741585
7.1	8.988461746543122e-05	8.988461746543122e-05	8.988461746543122e-05	8.988461746543122e-05
7.2	3.683463685189297e-05	3.683463685189297e-05	3.683463685189297e-05	3.683463685189297e-05
7.300000000000001	2.490909983792583e-05	2.490909983792583e-05	2.490909983792583e-05	2.490909983792583e-05
7.4	2.306358098638116e-05	2.306358098638116e-05	2.306358098638116e-05	2.306358098638116e-05
7.5	1.6070056199045516e-05	1.6070056199045516e-05	1.6070056199045516e-05	1.6070056199045516e-05
7.6	9.292539728069809e-06	9.292539728069809e-06	9.292539728069809e-06	9.292539728069809e-06
7.7	3.925807206636286e-06	3.925807206636286e-06	3.925807206636286e-06	3.925807206636286e-06
7.800000000000001	7.415856830507354e-07	7.415856830507354e-07	7.415856830507354e-07	7.415856830507354e-07
7.9	2.595665874044025e-07	2.595665874044025e-07	2.595665874044025e-07	2.595665874044025e-07
8.0	0.0	0.0	0.0	0.0
8.100000000000001	0.0	0.0	0.0	0.0
8.2	0.0	0.0	0.0	0.0
8.3	0.0	0.0	0.0	0.0
8.4	0.0	0.0	0.0	0.0
8.5	0.0	0.0	0.0	0.0
8.600000000000001	0.0	0.0	0.0	0.0
8.7	0.0	0.0	0.0	0.0
8.8	0.0	0.0	0.0	0.0
8.9	0.0	0.0	0.0	0.0
9.0	0.0	0.0	0.0	0.0
9.100000000000001	0.0	0.0	0.0	0.0
9.2	0.0	0.0	0.0	0.0
9.3	0.0	0.0	0.0	0.0
9.4	0.0	0.0	0.0	0.0
9.5	0.0	0.0	0.0	0.0
9.600000000000001	0.0	0.0	0.0	0.0
9.7	0.0	0.0	0.0	0.0
9.8	0.0	0.0	0.0	0.0
9.9	0.0	0.0	0.0	0.0
