4.0	0.0010246076637031676	0.0010246076637031676	0.0010246076637031676	0.0010246076637031676
4.1	0.0010246076637031676	0.0010246076637031676	0.0010246076637031676	0.0010246076637031676
4.2	0.0010246076637031676	0.0010246076637031676	0.0010246076637031676	0.0010246076637031676
4.3	0.0010246076637031676	0.0010246076637031676	0.0010246076637031676	0.0010246076637031676
4.4	0.0010246076637031676	0.0010246076637031676	0.0010246076637031676	0.0010246076637031676
4.5	0.0010246076637031676	0.0010246076637031676	0.0010246076637031676	0.0010246076637031676
4.6	0.0010246076637031676	0.0010246076637031676	0.0010246076637031676	0.0010246076637031676
4.7	0.0010246076637031676	0.0010246076637031676	0.0010246076637031676	0.0010246076637031676
4.8	0.0010246076637031676	0.0010246076637031676	0.0010246076637031676	0.0010246076637031676
4.9	0.0010246076637031676	0.0010246076637031676	0.0010246076637031676	0.0010246076637031676
5.0	0.0010246076637031676	0.0010246076637031676	0.0010246076637031676	0.0010246076637031676
5.1	0.0010246076637031676	0.0010246076637031676	0.0010246076637031676	0.0010246076637031676
5.2	0.0010246076637031676	0.0010246076637031676	0.0010246076637031676	0.0010246076637031676
5.3	0.0010246076637031676	0.0010246076637031676	0.0010246076637031676	0.0010246076637031676
5.4	0.0010246076637031676	0.0010246076637031676	0.0010246076637031676	0.0010246076637031676
5.5	0.0010246076637031676	0.0010246076637031676	0.0010246076637031676	0.0010246076637031676
5.6	0.0009635446739837641	0.0009635446739837641	0.0009635446739837641	0.0009635446739837641
5.7	0.0009635446739837641	0.0009635446739837641	0.0009635446739837641	0.0009635446739837641
5.8	0.0009252896853656658	0.0009252896853656658	0.0009252896853656658	0.0009252896853656658
5.9	0.0009252896853656658	0.0009252896853656658	0.0009252896853656658	0.0009252896853656658
6.0	0.0009252896853656658	0.0009252896853656658	0.0009252896853656658	0.0009252896853656658
6.1	0.000678254129932104	0.000678254129932104	0.000678254129932104	0.000678254129932104
6.2	0.000678254129932104	0.000678254129932104	0.000678254129932104	0.000678254129932104
6.300000000000001	0.0006714513240730203	0.0006714513240730203	0.0006714513240730203	0.0006714513240730203
6.4	0.0006714513240730203	0.0006714513240730203	0.0006714513240730203	0.0006714513240730203
6.5	0.0006407660090282623	0.0006407660090282623	0.0006407660090282623	0.0006407660090282623
6.6	0.0006393177730663666	0.0006393177730663666	0.0006393177730663666	0.0006393177730663666
6.7	0.0006341914103462786	0.0006341914103462786	0.0006341914103462786	0.0006341914103462786
6.800000000000001	0.0006147893633372555	0.0006147893633372555	0.0006147893633372555	0.0006147893633372555
6.9	0.0005774403714121711	0.0005774403714121711	0.0005774403714121711	0.0005774403714121711
7.0	0.0005517596560142488	0.0005517596560142488	0.0005517596560142488	0.0005517596560142488
7.1	0.00047726775986113405	0.00047726775986113405	0.00047726775986113405	0.00047726775986113405
7.2	0.000416365940280821	0.000416365940280821	0.000416365940280821	0.000416365940280821
7.300000000000001	0.0003518432452319487	0.0003518432452319487	0.0003518432452319487	0.0003518432452319487
7.4	0.00032565797197318177	0.00032565797197318177	0.00032565797197318177	0.00032565797197318177
7.5	0.0002931745819905687	0.0002931745819905687	0.0002931745819905687	0.0002931745819905687
7.6	0.0002401495265111716	0.0002401495265111716	0.0002401495265111716	0.0002401495265111716
7.7	0.00015390478325627804	0.00015390478325627804	0.00015390478325627804	0.00015390478325627804
7.800000000000001	8.504588662291136e-05	8.504588662291136e-05	8.504588662291136e-05	8.504588662291136e-05
7.9	2.3181243968993046e-05	2.3181243968993046e-05	2.3181243968993046e-05	2.3181243968993046e-05
8.0	0.0	0.0	0.0	0.0
8.100000000000001	0.0	0.0	0.0	0.0
8.2	0.0	0.0	0.0	0.0
8.3	0.0	0.0	0.0	0.0
8.4	0.0	0.0	0.0	0.0
8.5	0.0	0.0	0.0	0.0
8.600000000000001	0.0	0.0	0.0	0.0
8.7	0.0	0.0	0.0	0.0
8.8	0.0	0.0	0.0	0.0
8.9	0.0	0.0	0.0	0.0
9.0	0.0	0.0	0.0	0.0
9.100000000000001	0.0	0.0	0.0	0.0
9.2	0.0	0.0	0.0	0.0
9.3	0.0	0.0	0.0	0.0
9.4	0.0	0.0	0.0	0.0
9.5	0.0	0.0	0.0	0.0
9.600000000000001	0.0	0.0	0.0	0.0
9.7	0.0	0.0	0.0	0.0
9.8	0.0	0.0	0.0	0.0
9.9	0.0	0.0	0.0	0.0
