4.0	0.10471854605791647	0.11417936473636736	0.12955121836600983	0.1543743691382331
4.1	0.10471854605791647	0.11417936473636738	0.12955121836600986	0.1543743691382331
4.2	0.10471854605791647	0.11417936473636736	0.12955121836600983	0.1543743691382331
4.3	0.10471854605791647	0.11417936473636736	0.12955121836600983	0.1543743691382331
4.4	0.10471854605791647	0.11417936473636736	0.12955121836600983	0.1543743691382331
4.5	0.10471854605791647	0.11417936473636738	0.12955121836600986	0.1543743691382331
4.6	0.08455553081367204	0.09308028165611147	0.10443326231808618	0.13448094794827756
4.7	0.06919175226631881	0.08027713286665047	0.08238339495845888	0.09777858808515602
4.8	0.05399374889671299	0.06819188591686136	0.06652150833686067	0.07783793061800398
4.9	0.046069524303889324	0.0532194115620085	0.05350971514752426	0.06110200789185409
5.0	0.035533002396237336	0.04224115074278667	0.04278382814023857	0.050502307790536466
5.1	0.02717138790777755	0.03259313402533308	0.033939812815906106	0.0416544614147806
5.2	0.022162521215065626	0.0257628612625441	0.02799494578162681	0.036105405492957696
5.3	0.01883142461357855	0.022001945744736108	0.0237415294222011	0.02906712073820274
5.4	0.016242449087347007	0.016987517271258322	0.019335685662799536	0.02366600004322413
5.5	0.013738194451380255	0.014227451677854096	0.016530740954055406	0.02035392133113905
5.6	0.011490422562808442	0.011861425294023197	0.013957210532601553	0.01697973700078844
5.7	0.00941095459907154	0.01014072305966241	0.011438012490138703	0.012931025861116004
5.8	0.007738964942018084	0.008946444733195655	0.010434818695906628	0.012931025861116004
5.9	0.00711668849235792	0.007610579528762154	0.00873196156544662	0.010070129927266157
6.0	0.006334581740303711	0.00678680004303491	0.007415745798393096	0.008337486902258164
6.1	0.004767443184356053	0.005868578566526816	0.005546029851350276	0.006638365074823797
6.2	0.003027830231591923	0.004083155683418558	0.003664077327036166	0.004986824075856555
6.300000000000001	0.0015600508638018422	0.0025853417471903882	0.002365663353341397	0.003494089982171533
6.4	0.0	0.0011583284951202093	0.0011222550936623651	0.00208135713329419
6.5	0.0	0.0	0.0004118543908630161	0.0011022723078330584
6.6	0.0	0.0	0.00010463835289102244	0.00012556602346922705
6.7	0.0	0.0	0.0	0.0
6.800000000000001	0.0	0.0	0.0	0.0
6.9	0.0	0.0	0.0	0.0
7.0	0.0	0.0	0.0	0.0
7.1	0.0	0.0	0.0	0.0
7.2	0.0	0.0	0.0	0.0
7.300000000000001	0.0	0.0	0.0	0.0
7.4	0.0	0.0	0.0	0.0
7.5	0.0	0.0	0.0	0.0
7.6	0.0	0.0	0.0	0.0
7.7	0.0	0.0	0.0	0.0
7.800000000000001	0.0	0.0	0.0	0.0
7.9	0.0	0.0	0.0	0.0
8.0	0.0	0.0	0.0	0.0
8.100000000000001	0.0	0.0	0.0	0.0
8.2	0.0	0.0	0.0	0.0
8.3	0.0	0.0	0.0	0.0
8.4	0.0	0.0	0.0	0.0
8.5	0.0	0.0	0.0	0.0
8.600000000000001	0.0	0.0	0.0	0.0
8.7	0.0	0.0	0.0	0.0
8.8	0.0	0.0	0.0	0.0
8.9	0.0	0.0	0.0	0.0
9.0	0.0	0.0	0.0	0.0
9.100000000000001	0.0	0.0	0.0	0.0
9.2	0.0	0.0	0.0	0.0
9.3	0.0	0.0	0.0	0.0
9.4	0.0	0.0	0.0	0.0
9.5	0.0	0.0	0.0	0.0
9.600000000000001	0.0	0.0	0.0	0.0
9.7	0.0	0.0	0.0	0.0
9.8	0.0	0.0	0.0	0.0
9.9	0.0	0.0	0.0	0.0
