4.0	0.010447277614648314	0.010447277614648314	0.010447277614648314	0.010447277614648314
4.1	0.010447277614648314	0.010447277614648314	0.010447277614648314	0.010447277614648314
4.2	0.010447277614648314	0.010447277614648314	0.010447277614648314	0.010447277614648314
4.3	0.010447277614648314	0.010447277614648314	0.010447277614648314	0.010447277614648314
4.4	0.010447277614648314	0.010447277614648314	0.010447277614648314	0.010447277614648314
4.5	0.010447277614648314	0.010447277614648314	0.010447277614648314	0.010447277614648314
4.6	0.010447277614648314	0.010447277614648314	0.010447277614648314	0.010447277614648314
4.7	0.010447277614648314	0.010447277614648314	0.010447277614648314	0.010447277614648314
4.8	0.010447277614648314	0.010447277614648314	0.010447277614648314	0.010447277614648314
4.9	0.010447277614648314	0.010447277614648314	0.010447277614648314	0.010447277614648314
5.0	0.010447277614648314	0.010447277614648314	0.010447277614648314	0.010447277614648314
5.1	0.010447277614648314	0.010447277614648314	0.010447277614648314	0.010447277614648314
5.2	0.010447277614648314	0.010447277614648314	0.010447277614648314	0.010447277614648314
5.3	0.010447277614648314	0.010447277614648314	0.010447277614648314	0.010447277614648314
5.4	0.010447277614648314	0.010447277614648314	0.010447277614648314	0.010447277614648314
5.5	0.010447277614648314	0.010447277614648314	0.010447277614648314	0.010447277614648314
5.6	0.008927988507973838	0.008927988507973838	0.008927988507973838	0.008927988507973838
5.7	0.007908536516904744	0.007908536516904744	0.007908536516904744	0.007908536516904744
5.8	0.006779722802406797	0.006779722802406797	0.006779722802406797	0.006779722802406797
5.9	0.0052406059769053645	0.0052406059769053645	0.0052406059769053645	0.0052406059769053645
6.0	0.0047940439817051915	0.0047940439817051915	0.0047940439817051915	0.0047940439817051915
6.1	0.00396219844816153	0.00396219844816153	0.00396219844816153	0.00396219844816153
6.2	0.00396219844816153	0.00396219844816153	0.00396219844816153	0.00396219844816153
6.300000000000001	0.0035328093138576482	0.0035328093138576482	0.0035328093138576482	0.0035328093138576482
6.4	0.003032483928729764	0.003032483928729764	0.003032483928729764	0.003032483928729764
6.5	0.0022180705914964884	0.0022180705914964884	0.0022180705914964884	0.0022180705914964884
6.6	0.0020661970084093323	0.0020661970084093323	0.0020661970084093323	0.0020661970084093323
6.7	0.0014845219249684392	0.0014845219249684392	0.0014845219249684392	0.0014845219249684392
6.800000000000001	0.0013708572827126377	0.0013708572827126377	0.0013708572827126377	0.0013708572827126377
6.9	0.0013403380795441182	0.0013403380795441182	0.0013403380795441182	0.0013403380795441182
7.0	0.0011471100661230998	0.0011471100661230998	0.0011471100661230998	0.0011471100661230998
7.1	0.0010504502270432573	0.0010504502270432573	0.0010504502270432573	0.0010504502270432573
7.2	0.000738052449770313	0.000738052449770313	0.000738052449770313	0.000738052449770313
7.300000000000001	0.0006007832682806592	0.0006007832682806592	0.0006007832682806592	0.0006007832682806592
7.4	0.0004347003960986604	0.0004347003960986604	0.0004347003960986604	0.0004347003960986604
7.5	0.0003022192852259136	0.0003022192852259136	0.0003022192852259136	0.0003022192852259136
7.6	0.0002329693536851933	0.0002329693536851933	0.0002329693536851933	0.0002329693536851933
7.7	0.00013658108539665626	0.00013658108539665626	0.00013658108539665626	0.00013658108539665626
7.800000000000001	0.0	0.0	0.0	0.0
7.9	0.0	0.0	0.0	0.0
8.0	0.0	0.0	0.0	0.0
8.100000000000001	0.0	0.0	0.0	0.0
8.2	0.0	0.0	0.0	0.0
8.3	0.0	0.0	0.0	0.0
8.4	0.0	0.0	0.0	0.0
8.5	0.0	0.0	0.0	0.0
8.600000000000001	0.0	0.0	0.0	0.0
8.7	0.0	0.0	0.0	0.0
8.8	0.0	0.0	0.0	0.0
8.9	0.0	0.0	0.0	0.0
9.0	0.0	0.0	0.0	0.0
9.100000000000001	0.0	0.0	0.0	0.0
9.2	0.0	0.0	0.0	0.0
9.3	0.0	0.0	0.0	0.0
9.4	0.0	0.0	0.0	0.0
9.5	0.0	0.0	0.0	0.0
9.600000000000001	0.0	0.0	0.0	0.0
9.7	0.0	0.0	0.0	0.0
9.8	0.0	0.0	0.0	0.0
9.9	0.0	0.0	0.0	0.0
