set_2	[4.38061675e+01 4.38061675e+01 4.38061675e+01 4.38061675e+01
 4.38061675e+01 4.38061675e+01 4.38061675e+01 4.38061675e+01
 4.38061675e+01 4.38061675e+01 4.38061675e+01 4.38061675e+01
 4.38061675e+01 4.38061675e+01 4.38061675e+01 4.38061675e+01
 3.47358362e+01 2.74524784e+01 2.16570013e+01 1.70132160e+01
 1.33035206e+01 1.03374277e+01 7.96250642e+00 6.06703756e+00
 4.54718326e+00 3.33104215e+00 2.37256637e+00 1.65972093e+00
 1.09046499e+00 7.54865117e-01 5.03542845e-01 3.52444553e-01
 2.55430088e-01 1.73021957e-01 1.33575389e-01 9.34748450e-02
 7.21755280e-02 5.63275324e-02 3.72128156e-02 2.18618211e-02
 1.08805482e-02 6.60564867e-03 3.95976638e-03 2.27056872e-03
 8.42034925e-04 2.77977088e-05 1.83820227e-05 1.14642475e-05
 6.62774919e-06 3.45530489e-06 1.52652465e-06 5.23846815e-07
 1.22912154e-07 0.00000000e+00 0.00000000e+00 0.00000000e+00
 0.00000000e+00 0.00000000e+00 0.00000000e+00 0.00000000e+00]
