4.0	0.16704288688095692	0.16704288688095692	0.16704288688095692	0.16704288688095692
4.1	0.16704288688095692	0.16704288688095692	0.16704288688095692	0.16704288688095692
4.2	0.16704288688095692	0.16704288688095692	0.16704288688095692	0.16704288688095692
4.3	0.16704288688095692	0.16704288688095692	0.16704288688095692	0.16704288688095692
4.4	0.16704288688095692	0.16704288688095692	0.16704288688095692	0.16704288688095692
4.5	0.16704288688095692	0.16704288688095692	0.16704288688095692	0.16704288688095692
4.6	0.16704288688095692	0.16704288688095692	0.16704288688095692	0.16704288688095692
4.7	0.16704288688095692	0.16704288688095692	0.16704288688095692	0.16704288688095692
4.8	0.16704288688095692	0.16704288688095692	0.16704288688095692	0.16704288688095692
4.9	0.16704288688095692	0.16704288688095692	0.16704288688095692	0.16704288688095692
5.0	0.16704288688095692	0.16704288688095692	0.16704288688095692	0.16704288688095692
5.1	0.16704288688095692	0.16704288688095692	0.16704288688095692	0.16704288688095692
5.2	0.16704288688095692	0.16704288688095692	0.16704288688095692	0.16704288688095692
5.3	0.16704288688095692	0.16704288688095692	0.16704288688095692	0.16704288688095692
5.4	0.16704288688095692	0.16704288688095692	0.16704288688095692	0.16704288688095692
5.5	0.16704288688095692	0.16704288688095692	0.16704288688095692	0.16704288688095692
5.6	0.14208087163499303	0.14208087163499303	0.14208087163499303	0.14208087163499303
5.7	0.1041834278334117	0.1041834278334117	0.1041834278334117	0.1041834278334117
5.8	0.08590462856869026	0.08590462856869026	0.08590462856869026	0.08590462856869026
5.9	0.05769332564497102	0.05769332564497102	0.05769332564497102	0.05769332564497102
6.0	0.05097106783079417	0.05097106783079417	0.05097106783079417	0.05097106783079417
6.1	0.04292036261448251	0.04292036261448251	0.04292036261448251	0.04292036261448251
6.2	0.029499022391592973	0.029499022391592973	0.029499022391592973	0.029499022391592973
6.300000000000001	0.026632821052301442	0.026632821052301442	0.026632821052301442	0.026632821052301442
6.4	0.02406866625327084	0.02406866625327084	0.02406866625327084	0.02406866625327084
6.5	0.019813324215261222	0.019813324215261222	0.019813324215261222	0.019813324215261222
6.6	0.0144415401007569	0.0144415401007569	0.0144415401007569	0.0144415401007569
6.7	0.011546679601461692	0.011546679601461692	0.011546679601461692	0.011546679601461692
6.800000000000001	0.009764205962711655	0.009764205962711655	0.009764205962711655	0.009764205962711655
6.9	0.008223132633000937	0.008223132633000937	0.008223132633000937	0.008223132633000937
7.0	0.007001019868352898	0.007001019868352898	0.007001019868352898	0.007001019868352898
7.1	0.005743438159936476	0.005743438159936476	0.005743438159936476	0.005743438159936476
7.2	0.003989576528554568	0.003989576528554568	0.003989576528554568	0.003989576528554568
7.300000000000001	0.002892583276470518	0.002892583276470518	0.002892583276470518	0.002892583276470518
7.4	0.0023133704915424087	0.0023133704915424087	0.0023133704915424087	0.0023133704915424087
7.5	0.0015571522488408722	0.0015571522488408722	0.0015571522488408722	0.0015571522488408722
7.6	0.00089918412404532	0.00089918412404532	0.00089918412404532	0.00089918412404532
7.7	0.0005633292114346891	0.0005633292114346891	0.0005633292114346891	0.0005633292114346891
7.800000000000001	0.00021259168737704692	0.00021259168737704692	0.00021259168737704692	0.00021259168737704692
7.9	0.00014399500047310236	0.00014399500047310236	0.00014399500047310236	0.00014399500047310236
8.0	9.84065419594968e-05	9.84065419594968e-05	9.84065419594968e-05	9.84065419594968e-05
8.100000000000001	6.422531471200956e-05	6.422531471200956e-05	6.422531471200956e-05	6.422531471200956e-05
8.2	3.805638578842597e-05	3.805638578842597e-05	3.805638578842597e-05	3.805638578842597e-05
8.3	1.1686148373549395e-05	1.1686148373549395e-05	1.1686148373549395e-05	1.1686148373549395e-05
8.4	0.0	0.0	0.0	0.0
8.5	0.0	0.0	0.0	0.0
8.600000000000001	0.0	0.0	0.0	0.0
8.7	0.0	0.0	0.0	0.0
8.8	0.0	0.0	0.0	0.0
8.9	0.0	0.0	0.0	0.0
9.0	0.0	0.0	0.0	0.0
9.100000000000001	0.0	0.0	0.0	0.0
9.2	0.0	0.0	0.0	0.0
9.3	0.0	0.0	0.0	0.0
9.4	0.0	0.0	0.0	0.0
9.5	0.0	0.0	0.0	0.0
9.600000000000001	0.0	0.0	0.0	0.0
9.7	0.0	0.0	0.0	0.0
9.8	0.0	0.0	0.0	0.0
9.9	0.0	0.0	0.0	0.0
