4.0	0.0018330014368652771	0.0018330014368652771	0.0018330014368652771	0.0018330014368652771
4.1	0.0018330014368652774	0.0018330014368652774	0.0018330014368652774	0.0018330014368652774
4.2	0.0018330014368652776	0.0018330014368652776	0.0018330014368652776	0.0018330014368652776
4.3	0.0018330014368652776	0.0018330014368652776	0.0018330014368652776	0.0018330014368652776
4.4	0.0018330014368652771	0.0018330014368652771	0.0018330014368652771	0.0018330014368652771
4.5	0.0018330014368652774	0.0018330014368652774	0.0018330014368652774	0.0018330014368652774
4.6	0.0018330014368652776	0.0018330014368652776	0.0018330014368652776	0.0018330014368652776
4.7	0.0018330014368652776	0.0018330014368652776	0.0018330014368652776	0.0018330014368652776
4.8	0.0018330014368652771	0.0018330014368652771	0.0018330014368652771	0.0018330014368652771
4.9	0.0018330014368652774	0.0018330014368652774	0.0018330014368652774	0.0018330014368652774
5.0	0.0018330014368652776	0.0018330014368652776	0.0018330014368652776	0.0018330014368652776
5.1	0.0018330014368652776	0.0018330014368652776	0.0018330014368652776	0.0018330014368652776
5.2	0.0018330014368652771	0.0018330014368652771	0.0018330014368652771	0.0018330014368652771
5.3	0.0018330014368652774	0.0018330014368652774	0.0018330014368652774	0.0018330014368652774
5.4	0.0018330014368652776	0.0018330014368652776	0.0018330014368652776	0.0018330014368652776
5.5	0.0018330014368652776	0.0018330014368652776	0.0018330014368652776	0.0018330014368652776
5.6	0.0018330014368652771	0.0018330014368652771	0.0018330014368652771	0.0018330014368652771
5.7	0.0018330014368652774	0.0018330014368652774	0.0018330014368652774	0.0018330014368652774
5.8	0.0018330014368652776	0.0018330014368652776	0.0018330014368652776	0.0018330014368652776
5.9	0.0018330014368652776	0.0018330014368652776	0.0018330014368652776	0.0018330014368652776
6.0	0.0016439514088968283	0.0016439514088968283	0.0016439514088968283	0.0016439514088968283
6.1	0.001167897676428869	0.001167897676428869	0.001167897676428869	0.001167897676428869
6.2	0.000953212189900955	0.000953212189900955	0.000953212189900955	0.000953212189900955
6.300000000000001	0.0009175507442219183	0.0009175507442219183	0.0009175507442219183	0.0009175507442219183
6.4	0.0008538337148373249	0.0008538337148373249	0.0008538337148373249	0.0008538337148373249
6.5	0.000853833714837325	0.000853833714837325	0.000853833714837325	0.000853833714837325
6.6	0.000747441942878927	0.000747441942878927	0.000747441942878927	0.000747441942878927
6.7	0.00043480692217512894	0.00043480692217512894	0.00043480692217512894	0.00043480692217512894
6.800000000000001	0.00036061181080333766	0.00036061181080333766	0.00036061181080333766	0.00036061181080333766
6.9	0.0003087244611874306	0.0003087244611874306	0.0003087244611874306	0.0003087244611874306
7.0	0.0002696958088845189	0.0002696958088845189	0.0002696958088845189	0.0002696958088845189
7.1	0.00023604220309702973	0.00023604220309702973	0.00023604220309702973	0.00023604220309702973
7.2	0.00020621104873479255	0.00020621104873479255	0.00020621104873479255	0.00020621104873479255
7.300000000000001	0.0001720192308006316	0.0001720192308006316	0.0001720192308006316	0.0001720192308006316
7.4	0.00015019053849174758	0.00015019053849174758	0.00015019053849174758	0.00015019053849174758
7.5	0.00012940652364634437	0.00012940652364634437	0.00012940652364634437	0.00012940652364634437
7.6	5.905955274933676e-05	5.905955274933676e-05	5.905955274933676e-05	5.905955274933676e-05
7.7	4.077132526273098e-05	4.077132526273098e-05	4.077132526273098e-05	4.077132526273098e-05
7.800000000000001	1.2934721236867701e-05	1.2934721236867701e-05	1.2934721236867701e-05	1.2934721236867701e-05
7.9	4.52465357000899e-06	4.52465357000899e-06	4.52465357000899e-06	4.52465357000899e-06
8.0	0.0	0.0	0.0	0.0
8.100000000000001	0.0	0.0	0.0	0.0
8.2	0.0	0.0	0.0	0.0
8.3	0.0	0.0	0.0	0.0
8.4	0.0	0.0	0.0	0.0
8.5	0.0	0.0	0.0	0.0
8.600000000000001	0.0	0.0	0.0	0.0
8.7	0.0	0.0	0.0	0.0
8.8	0.0	0.0	0.0	0.0
8.9	0.0	0.0	0.0	0.0
9.0	0.0	0.0	0.0	0.0
9.100000000000001	0.0	0.0	0.0	0.0
9.2	0.0	0.0	0.0	0.0
9.3	0.0	0.0	0.0	0.0
9.4	0.0	0.0	0.0	0.0
9.5	0.0	0.0	0.0	0.0
9.600000000000001	0.0	0.0	0.0	0.0
9.7	0.0	0.0	0.0	0.0
9.8	0.0	0.0	0.0	0.0
9.9	0.0	0.0	0.0	0.0
