4.0	0.03857109890241403	0.04208601636160865	0.044114241625972404	0.04933022926353764
4.1	0.038571098902414024	0.04208601636160865	0.044114241625972404	0.04933022926353764
4.2	0.03857109890241403	0.04208601636160865	0.044114241625972404	0.04933022926353764
4.3	0.038571098902414024	0.04208601636160865	0.044114241625972404	0.04933022926353764
4.4	0.03857109890241403	0.04208601636160865	0.044114241625972404	0.04933022926353764
4.5	0.038571098902414024	0.04208601636160865	0.044114241625972404	0.04933022926353764
4.6	0.028731777757886517	0.031679685687679246	0.03174714403280798	0.0339329364176644
4.7	0.021530168660259634	0.024840196785254176	0.025295918533541063	0.029628502162756795
4.8	0.01946030967685586	0.02170170026483284	0.0210550233441034	0.022235667393370673
4.9	0.013604601613087908	0.015466104531972141	0.015281323591454598	0.01711218824060322
5.0	0.01173735489981408	0.013125583100046308	0.013155841063357133	0.014876333756598505
5.1	0.009653887582900445	0.010131646338428495	0.010146388272259664	0.010638274201894605
5.2	0.00683792301394189	0.0072208481649756445	0.007442254781755906	0.007786642520999732
5.3	0.004951845848523641	0.005175455115775552	0.005295828827649181	0.005700728610299001
5.4	0.0037564472416056105	0.00403804032193591	0.0041458966719823765	0.004579935623900078
5.5	0.002757253572704674	0.0029468634612829676	0.003070135385857856	0.0034254381211494965
5.6	0.0019084571281932834	0.002104460126538859	0.0021644718893529214	0.002381439652221975
5.7	0.0011017560391237016	0.0015657209532190417	0.001508739401876624	0.0017790829067021023
5.8	0.0	0.0010120942454333673	0.0007556664537864535	0.0012437833839397513
5.9	0.0	0.0005739012435696658	0.0004635377858773192	0.0007004240616287631
6.0	0.0	0.0	0.00011712892714607876	0.00027232475561463315
6.1	0.0	0.0	0.0	0.0
6.2	0.0	0.0	0.0	0.0
6.300000000000001	0.0	0.0	0.0	0.0
6.4	0.0	0.0	0.0	0.0
6.5	0.0	0.0	0.0	0.0
6.6	0.0	0.0	0.0	0.0
6.7	0.0	0.0	0.0	0.0
6.800000000000001	0.0	0.0	0.0	0.0
6.9	0.0	0.0	0.0	0.0
7.0	0.0	0.0	0.0	0.0
7.1	0.0	0.0	0.0	0.0
7.2	0.0	0.0	0.0	0.0
7.300000000000001	0.0	0.0	0.0	0.0
7.4	0.0	0.0	0.0	0.0
7.5	0.0	0.0	0.0	0.0
7.6	0.0	0.0	0.0	0.0
7.7	0.0	0.0	0.0	0.0
7.800000000000001	0.0	0.0	0.0	0.0
7.9	0.0	0.0	0.0	0.0
8.0	0.0	0.0	0.0	0.0
8.100000000000001	0.0	0.0	0.0	0.0
8.2	0.0	0.0	0.0	0.0
8.3	0.0	0.0	0.0	0.0
8.4	0.0	0.0	0.0	0.0
8.5	0.0	0.0	0.0	0.0
8.600000000000001	0.0	0.0	0.0	0.0
8.7	0.0	0.0	0.0	0.0
8.8	0.0	0.0	0.0	0.0
8.9	0.0	0.0	0.0	0.0
9.0	0.0	0.0	0.0	0.0
9.100000000000001	0.0	0.0	0.0	0.0
9.2	0.0	0.0	0.0	0.0
9.3	0.0	0.0	0.0	0.0
9.4	0.0	0.0	0.0	0.0
9.5	0.0	0.0	0.0	0.0
9.600000000000001	0.0	0.0	0.0	0.0
9.7	0.0	0.0	0.0	0.0
9.8	0.0	0.0	0.0	0.0
9.9	0.0	0.0	0.0	0.0
