4.0	0.0015285695873330503	0.0015285695873330503	0.0015285695873330503	0.0015285695873330503
4.1	0.0015285695873330503	0.0015285695873330503	0.0015285695873330503	0.0015285695873330503
4.2	0.0015285695873330503	0.0015285695873330503	0.0015285695873330503	0.0015285695873330503
4.3	0.0015285695873330503	0.0015285695873330503	0.0015285695873330503	0.0015285695873330503
4.4	0.0015285695873330503	0.0015285695873330503	0.0015285695873330503	0.0015285695873330503
4.5	0.0015285695873330503	0.0015285695873330503	0.0015285695873330503	0.0015285695873330503
4.6	0.0015285695873330503	0.0015285695873330503	0.0015285695873330503	0.0015285695873330503
4.7	0.0015285695873330503	0.0015285695873330503	0.0015285695873330503	0.0015285695873330503
4.8	0.0015285695873330503	0.0015285695873330503	0.0015285695873330503	0.0015285695873330503
4.9	0.0015285695873330503	0.0015285695873330503	0.0015285695873330503	0.0015285695873330503
5.0	0.0015285695873330503	0.0015285695873330503	0.0015285695873330503	0.0015285695873330503
5.1	0.0015285695873330503	0.0015285695873330503	0.0015285695873330503	0.0015285695873330503
5.2	0.0015285695873330503	0.0015285695873330503	0.0015285695873330503	0.0015285695873330503
5.3	0.0015285695873330503	0.0015285695873330503	0.0015285695873330503	0.0015285695873330503
5.4	0.0015285695873330503	0.0015285695873330503	0.0015285695873330503	0.0015285695873330503
5.5	0.0015285695873330503	0.0015285695873330503	0.0015285695873330503	0.0015285695873330503
5.6	0.0015285695873330503	0.0015285695873330503	0.0015285695873330503	0.0015285695873330503
5.7	0.001197495536047476	0.001197495536047476	0.001197495536047476	0.001197495536047476
5.8	0.001197495536047476	0.001197495536047476	0.001197495536047476	0.001197495536047476
5.9	0.0008124125018886127	0.0008124125018886127	0.0008124125018886127	0.0008124125018886127
6.0	0.0008124125018886127	0.0008124125018886127	0.0008124125018886127	0.0008124125018886127
6.1	0.0007622014578282873	0.0007622014578282873	0.0007622014578282873	0.0007622014578282873
6.2	0.0007199897551739974	0.0007199897551739974	0.0007199897551739974	0.0007199897551739974
6.300000000000001	0.0006940382104579241	0.0006940382104579241	0.0006940382104579241	0.0006940382104579241
6.4	0.000632797254857922	0.000632797254857922	0.000632797254857922	0.000632797254857922
6.5	0.0004017397993619368	0.0004017397993619368	0.0004017397993619368	0.0004017397993619368
6.6	0.00036107939358190973	0.00036107939358190973	0.00036107939358190973	0.00036107939358190973
6.7	0.0003047703449690106	0.0003047703449690106	0.0003047703449690106	0.0003047703449690106
6.800000000000001	0.0002760302433931332	0.0002760302433931332	0.0002760302433931332	0.0002760302433931332
6.9	0.0002485968336244931	0.0002485968336244931	0.0002485968336244931	0.0002485968336244931
7.0	0.00020281639269199335	0.00020281639269199335	0.00020281639269199335	0.00020281639269199335
7.1	0.00014033218624718227	0.00014033218624718227	0.00014033218624718227	0.00014033218624718227
7.2	0.00012399728094978542	0.00012399728094978542	0.00012399728094978542	0.00012399728094978542
7.300000000000001	8.983263294055568e-05	8.983263294055568e-05	8.983263294055568e-05	8.983263294055568e-05
7.4	6.840943191566952e-05	6.840943191566952e-05	6.840943191566952e-05	6.840943191566952e-05
7.5	4.7478548930925734e-05	4.7478548930925734e-05	4.7478548930925734e-05	4.7478548930925734e-05
7.6	2.846838015122769e-05	2.846838015122769e-05	2.846838015122769e-05	2.846838015122769e-05
7.7	1.8526648604627664e-05	1.8526648604627664e-05	1.8526648604627664e-05	1.8526648604627664e-05
7.800000000000001	5.776777397617329e-06	5.776777397617329e-06	5.776777397617329e-06	5.776777397617329e-06
7.9	1.4870359387313645e-06	1.4870359387313645e-06	1.4870359387313645e-06	1.4870359387313645e-06
8.0	0.0	0.0	0.0	0.0
8.100000000000001	0.0	0.0	0.0	0.0
8.2	0.0	0.0	0.0	0.0
8.3	0.0	0.0	0.0	0.0
8.4	0.0	0.0	0.0	0.0
8.5	0.0	0.0	0.0	0.0
8.600000000000001	0.0	0.0	0.0	0.0
8.7	0.0	0.0	0.0	0.0
8.8	0.0	0.0	0.0	0.0
8.9	0.0	0.0	0.0	0.0
9.0	0.0	0.0	0.0	0.0
9.100000000000001	0.0	0.0	0.0	0.0
9.2	0.0	0.0	0.0	0.0
9.3	0.0	0.0	0.0	0.0
9.4	0.0	0.0	0.0	0.0
9.5	0.0	0.0	0.0	0.0
9.600000000000001	0.0	0.0	0.0	0.0
9.7	0.0	0.0	0.0	0.0
9.8	0.0	0.0	0.0	0.0
9.9	0.0	0.0	0.0	0.0
