4.0	0.017229057175244828	0.017229057175244828	0.017229057175244828	0.017229057175244828
4.1	0.017229057175244825	0.017229057175244825	0.017229057175244825	0.017229057175244825
4.2	0.017229057175244828	0.017229057175244828	0.017229057175244828	0.017229057175244828
4.3	0.017229057175244825	0.017229057175244825	0.017229057175244825	0.017229057175244825
4.4	0.017229057175244828	0.017229057175244828	0.017229057175244828	0.017229057175244828
4.5	0.017229057175244825	0.017229057175244825	0.017229057175244825	0.017229057175244825
4.6	0.017229057175244828	0.017229057175244828	0.017229057175244828	0.017229057175244828
4.7	0.017229057175244825	0.017229057175244825	0.017229057175244825	0.017229057175244825
4.8	0.017229057175244828	0.017229057175244828	0.017229057175244828	0.017229057175244828
4.9	0.017229057175244825	0.017229057175244825	0.017229057175244825	0.017229057175244825
5.0	0.017229057175244828	0.017229057175244828	0.017229057175244828	0.017229057175244828
5.1	0.017229057175244825	0.017229057175244825	0.017229057175244825	0.017229057175244825
5.2	0.017229057175244828	0.017229057175244828	0.017229057175244828	0.017229057175244828
5.3	0.017229057175244825	0.017229057175244825	0.017229057175244825	0.017229057175244825
5.4	0.017229057175244828	0.017229057175244828	0.017229057175244828	0.017229057175244828
5.5	0.017229057175244825	0.017229057175244825	0.017229057175244825	0.017229057175244825
5.6	0.014420667537898961	0.014420667537898961	0.014420667537898961	0.014420667537898961
5.7	0.00781704442239749	0.00781704442239749	0.00781704442239749	0.00781704442239749
5.8	0.00781704442239749	0.00781704442239749	0.00781704442239749	0.00781704442239749
5.9	0.006464713660626933	0.006464713660626933	0.006464713660626933	0.006464713660626933
6.0	0.006464713660626934	0.006464713660626934	0.006464713660626934	0.006464713660626934
6.1	0.003807138236872057	0.003807138236872057	0.003807138236872057	0.003807138236872057
6.2	0.0038071382368720574	0.0038071382368720574	0.0038071382368720574	0.0038071382368720574
6.300000000000001	0.0023321679392885384	0.0023321679392885384	0.0023321679392885384	0.0023321679392885384
6.4	0.0016550207062190241	0.0016550207062190241	0.0016550207062190241	0.0016550207062190241
6.5	0.0011308349781826137	0.0011308349781826137	0.0011308349781826137	0.0011308349781826137
6.6	0.0011308349781826137	0.0011308349781826137	0.0011308349781826137	0.0011308349781826137
6.7	0.0011308349781826137	0.0011308349781826137	0.0011308349781826137	0.0011308349781826137
6.800000000000001	0.0008574165530764188	0.0008574165530764188	0.0008574165530764188	0.0008574165530764188
6.9	0.0006908602602207314	0.0006908602602207314	0.0006908602602207314	0.0006908602602207314
7.0	0.0005737441431105593	0.0005737441431105593	0.0005737441431105593	0.0005737441431105593
7.1	0.0004930883867908535	0.0004930883867908535	0.0004930883867908535	0.0004930883867908535
7.2	0.00045502478163672176	0.00045502478163672176	0.00045502478163672176	0.00045502478163672176
7.300000000000001	0.0004186227360548901	0.0004186227360548901	0.0004186227360548901	0.0004186227360548901
7.4	0.0003761178569834311	0.0003761178569834311	0.0003761178569834311	0.0003761178569834311
7.5	0.00036332319479809706	0.00036332319479809706	0.00036332319479809706	0.00036332319479809706
7.6	0.0003105816316965251	0.0003105816316965251	0.0003105816316965251	0.0003105816316965251
7.7	0.0002604286601794034	0.0002604286601794034	0.0002604286601794034	0.0002604286601794034
7.800000000000001	0.00017916411504739985	0.00017916411504739985	0.00017916411504739985	0.00017916411504739985
7.9	0.00015180449904559097	0.00015180449904559097	0.00015180449904559097	0.00015180449904559097
8.0	5.5643964544069326e-05	5.5643964544069326e-05	5.5643964544069326e-05	5.5643964544069326e-05
8.100000000000001	0.0	0.0	0.0	0.0
8.2	0.0	0.0	0.0	0.0
8.3	0.0	0.0	0.0	0.0
8.4	0.0	0.0	0.0	0.0
8.5	0.0	0.0	0.0	0.0
8.600000000000001	0.0	0.0	0.0	0.0
8.7	0.0	0.0	0.0	0.0
8.8	0.0	0.0	0.0	0.0
8.9	0.0	0.0	0.0	0.0
9.0	0.0	0.0	0.0	0.0
9.100000000000001	0.0	0.0	0.0	0.0
9.2	0.0	0.0	0.0	0.0
9.3	0.0	0.0	0.0	0.0
9.4	0.0	0.0	0.0	0.0
9.5	0.0	0.0	0.0	0.0
9.600000000000001	0.0	0.0	0.0	0.0
9.7	0.0	0.0	0.0	0.0
9.8	0.0	0.0	0.0	0.0
9.9	0.0	0.0	0.0	0.0
