4.0	19.10579030360373	19.10579030360373	19.10579030360373	19.10579030360373
4.1	19.10579030360373	19.10579030360373	19.10579030360373	19.10579030360373
4.2	19.105790303603726	19.105790303603726	19.105790303603726	19.105790303603726
4.3	19.105790303603726	19.105790303603726	19.105790303603726	19.105790303603726
4.4	19.10579030360373	19.10579030360373	19.10579030360373	19.10579030360373
4.5	19.10579030360373	19.10579030360373	19.10579030360373	19.10579030360373
4.6	19.105790303603726	19.105790303603726	19.105790303603726	19.105790303603726
4.7	19.105790303603726	19.105790303603726	19.105790303603726	19.105790303603726
4.8	19.10579030360373	19.10579030360373	19.10579030360373	19.10579030360373
4.9	19.10579030360373	19.10579030360373	19.10579030360373	19.10579030360373
5.0	19.105790303603726	19.105790303603726	19.105790303603726	19.105790303603726
5.1	19.105790303603726	19.105790303603726	19.105790303603726	19.105790303603726
5.2	19.10579030360373	19.10579030360373	19.10579030360373	19.10579030360373
5.3	19.10579030360373	19.10579030360373	19.10579030360373	19.10579030360373
5.4	19.105790303603726	19.105790303603726	19.105790303603726	19.105790303603726
5.5	19.105790303603726	19.105790303603726	19.105790303603726	19.105790303603726
5.6	15.2389668026302	15.2389668026302	15.2389668026302	15.2389668026302
5.7	12.169308329156872	12.169308329156872	12.169308329156872	12.169308329156872
5.8	9.590023419794852	9.590023419794852	9.590023419794852	9.590023419794852
5.9	7.653161745658972	7.653161745658972	7.653161745658972	7.653161745658972
6.0	6.111874215913494	6.111874215913494	6.111874215913494	6.111874215913494
6.1	4.889825236247167	4.889825236247167	4.889825236247167	4.889825236247167
6.2	3.912381364535177	3.912381364535177	3.912381364535177	3.912381364535177
6.300000000000001	3.113192210235358	3.113192210235358	3.113192210235358	3.113192210235358
6.4	2.476102370142858	2.476102370142858	2.476102370142858	2.476102370142858
6.5	1.9877254869853376	1.9877254869853376	1.9877254869853376	1.9877254869853376
6.6	1.5978391586964527	1.5978391586964527	1.5978391586964527	1.5978391586964527
6.7	1.2624382034721067	1.2624382034721067	1.2624382034721067	1.2624382034721067
6.800000000000001	0.9972318531492163	0.9972318531492163	0.9972318531492163	0.9972318531492163
6.9	0.785891735138314	0.785891735138314	0.785891735138314	0.785891735138314
7.0	0.6180381900824775	0.6180381900824775	0.6180381900824775	0.6180381900824775
7.1	0.48545221559255053	0.48545221559255053	0.48545221559255053	0.48545221559255053
7.2	0.37949190634429736	0.37949190634429736	0.37949190634429736	0.37949190634429736
7.300000000000001	0.2953913522602609	0.2953913522602609	0.2953913522602609	0.2953913522602609
7.4	0.22857159944501254	0.22857159944501254	0.22857159944501254	0.22857159944501254
7.5	0.17550835671538578	0.17550835671538578	0.17550835671538578	0.17550835671538578
7.6	0.13413705828908454	0.13413705828908454	0.13413705828908454	0.13413705828908454
7.7	0.10066573159513369	0.10066573159513369	0.10066573159513369	0.10066573159513369
7.800000000000001	0.07403484226489723	0.07403484226489723	0.07403484226489723	0.07403484226489723
7.9	0.052980231857920425	0.052980231857920425	0.052980231857920425	0.052980231857920425
8.0	0.03630062701339106	0.03630062701339106	0.03630062701339106	0.03630062701339106
8.100000000000001	0.023130695655762715	0.023130695655762715	0.023130695655762715	0.023130695655762715
8.2	0.012600533084804265	0.012600533084804265	0.012600533084804265	0.012600533084804265
8.3	0.005557686460722613	0.005557686460722613	0.005557686460722613	0.005557686460722613
8.4	0.0	0.0	0.0	0.0
8.5	0.0	0.0	0.0	0.0
8.600000000000001	0.0	0.0	0.0	0.0
8.7	0.0	0.0	0.0	0.0
8.8	0.0	0.0	0.0	0.0
8.9	0.0	0.0	0.0	0.0
9.0	0.0	0.0	0.0	0.0
9.100000000000001	0.0	0.0	0.0	0.0
9.2	0.0	0.0	0.0	0.0
9.3	0.0	0.0	0.0	0.0
9.4	0.0	0.0	0.0	0.0
9.5	0.0	0.0	0.0	0.0
9.600000000000001	0.0	0.0	0.0	0.0
9.7	0.0	0.0	0.0	0.0
9.8	0.0	0.0	0.0	0.0
9.9	0.0	0.0	0.0	0.0
