4.0	0.007602120167158498	0.007602120167158498	0.007602120167158498	0.007602120167158498
4.1	0.007602120167158498	0.007602120167158498	0.007602120167158498	0.007602120167158498
4.2	0.007602120167158498	0.007602120167158498	0.007602120167158498	0.007602120167158498
4.3	0.007602120167158498	0.007602120167158498	0.007602120167158498	0.007602120167158498
4.4	0.007602120167158498	0.007602120167158498	0.007602120167158498	0.007602120167158498
4.5	0.007602120167158498	0.007602120167158498	0.007602120167158498	0.007602120167158498
4.6	0.007602120167158498	0.007602120167158498	0.007602120167158498	0.007602120167158498
4.7	0.007602120167158498	0.007602120167158498	0.007602120167158498	0.007602120167158498
4.8	0.007602120167158498	0.007602120167158498	0.007602120167158498	0.007602120167158498
4.9	0.007602120167158498	0.007602120167158498	0.007602120167158498	0.007602120167158498
5.0	0.007602120167158498	0.007602120167158498	0.007602120167158498	0.007602120167158498
5.1	0.007602120167158498	0.007602120167158498	0.007602120167158498	0.007602120167158498
5.2	0.007602120167158498	0.007602120167158498	0.007602120167158498	0.007602120167158498
5.3	0.007602120167158498	0.007602120167158498	0.007602120167158498	0.007602120167158498
5.4	0.007602120167158498	0.007602120167158498	0.007602120167158498	0.007602120167158498
5.5	0.007602120167158498	0.007602120167158498	0.007602120167158498	0.007602120167158498
5.6	0.004649913286122365	0.004649913286122365	0.004649913286122365	0.004649913286122365
5.7	0.0045087402246941286	0.0045087402246941286	0.0045087402246941286	0.0045087402246941286
5.8	0.004063064658484514	0.004063064658484514	0.004063064658484514	0.004063064658484514
5.9	0.004024149883618562	0.004024149883618562	0.004024149883618562	0.004024149883618562
6.0	0.004024149883618562	0.004024149883618562	0.004024149883618562	0.004024149883618562
6.1	0.0032063796981412285	0.0032063796981412285	0.0032063796981412285	0.0032063796981412285
6.2	0.0029092518104684153	0.0029092518104684153	0.0029092518104684153	0.0029092518104684153
6.300000000000001	0.0025893129830305344	0.0025893129830305344	0.0025893129830305344	0.0025893129830305344
6.4	0.0020918348590734308	0.0020918348590734308	0.0020918348590734308	0.0020918348590734308
6.5	0.0018871690214292709	0.0018871690214292709	0.0018871690214292709	0.0018871690214292709
6.6	0.0017823553514444907	0.0017823553514444907	0.0017823553514444907	0.0017823553514444907
6.7	0.001625152094711402	0.001625152094711402	0.001625152094711402	0.001625152094711402
6.800000000000001	0.0011832999446296192	0.0011832999446296192	0.0011832999446296192	0.0011832999446296192
6.9	0.0011122880721567932	0.0011122880721567932	0.0011122880721567932	0.0011122880721567932
7.0	0.0009606127186351322	0.0009606127186351322	0.0009606127186351322	0.0009606127186351322
7.1	0.0007729413086643315	0.0007729413086643315	0.0007729413086643315	0.0007729413086643315
7.2	0.0006899411829590044	0.0006899411829590044	0.0006899411829590044	0.0006899411829590044
7.300000000000001	0.0006017491570242464	0.0006017491570242464	0.0006017491570242464	0.0006017491570242464
7.4	0.0004262706882396622	0.0004262706882396622	0.0004262706882396622	0.0004262706882396622
7.5	0.0003422643239209991	0.0003422643239209991	0.0003422643239209991	0.0003422643239209991
7.6	0.0002342773314057094	0.0002342773314057094	0.0002342773314057094	0.0002342773314057094
7.7	0.00018360481004630507	0.00018360481004630507	0.00018360481004630507	0.00018360481004630507
7.800000000000001	0.00010782950598669792	0.00010782950598669792	0.00010782950598669792	0.00010782950598669792
7.9	8.149317426547195e-05	8.149317426547195e-05	8.149317426547195e-05	8.149317426547195e-05
8.0	5.923480407123137e-05	5.923480407123137e-05	5.923480407123137e-05	5.923480407123137e-05
8.100000000000001	3.3726990444349124e-05	3.3726990444349124e-05	3.3726990444349124e-05	3.3726990444349124e-05
8.2	0.0	0.0	0.0	0.0
8.3	0.0	0.0	0.0	0.0
8.4	0.0	0.0	0.0	0.0
8.5	0.0	0.0	0.0	0.0
8.600000000000001	0.0	0.0	0.0	0.0
8.7	0.0	0.0	0.0	0.0
8.8	0.0	0.0	0.0	0.0
8.9	0.0	0.0	0.0	0.0
9.0	0.0	0.0	0.0	0.0
9.100000000000001	0.0	0.0	0.0	0.0
9.2	0.0	0.0	0.0	0.0
9.3	0.0	0.0	0.0	0.0
9.4	0.0	0.0	0.0	0.0
9.5	0.0	0.0	0.0	0.0
9.600000000000001	0.0	0.0	0.0	0.0
9.7	0.0	0.0	0.0	0.0
9.8	0.0	0.0	0.0	0.0
9.9	0.0	0.0	0.0	0.0
