4.0	0.001599088631373364	0.001599088631373364	0.001599088631373364	0.001599088631373364
4.1	0.001599088631373364	0.001599088631373364	0.001599088631373364	0.001599088631373364
4.2	0.001599088631373364	0.001599088631373364	0.001599088631373364	0.001599088631373364
4.3	0.001599088631373364	0.001599088631373364	0.001599088631373364	0.001599088631373364
4.4	0.001599088631373364	0.001599088631373364	0.001599088631373364	0.001599088631373364
4.5	0.001599088631373364	0.001599088631373364	0.001599088631373364	0.001599088631373364
4.6	0.001599088631373364	0.001599088631373364	0.001599088631373364	0.001599088631373364
4.7	0.001599088631373364	0.001599088631373364	0.001599088631373364	0.001599088631373364
4.8	0.001599088631373364	0.001599088631373364	0.001599088631373364	0.001599088631373364
4.9	0.001599088631373364	0.001599088631373364	0.001599088631373364	0.001599088631373364
5.0	0.001599088631373364	0.001599088631373364	0.001599088631373364	0.001599088631373364
5.1	0.001599088631373364	0.001599088631373364	0.001599088631373364	0.001599088631373364
5.2	0.001599088631373364	0.001599088631373364	0.001599088631373364	0.001599088631373364
5.3	0.001599088631373364	0.001599088631373364	0.001599088631373364	0.001599088631373364
5.4	0.001599088631373364	0.001599088631373364	0.001599088631373364	0.001599088631373364
5.5	0.001599088631373364	0.001599088631373364	0.001599088631373364	0.001599088631373364
5.6	0.001599088631373364	0.001599088631373364	0.001599088631373364	0.001599088631373364
5.7	0.001599088631373364	0.001599088631373364	0.001599088631373364	0.001599088631373364
5.8	0.0009514548582347656	0.0009514548582347656	0.0009514548582347656	0.0009514548582347656
5.9	0.0008847654619411997	0.0008847654619411997	0.0008847654619411997	0.0008847654619411997
6.0	0.0008287006455403313	0.0008287006455403313	0.0008287006455403313	0.0008287006455403313
6.1	0.0006511363146994058	0.0006511363146994058	0.0006511363146994058	0.0006511363146994058
6.2	0.0005757127630139116	0.0005757127630139116	0.0005757127630139116	0.0005757127630139116
6.300000000000001	0.0005757127630139116	0.0005757127630139116	0.0005757127630139116	0.0005757127630139116
6.4	0.0005757127630139116	0.0005757127630139116	0.0005757127630139116	0.0005757127630139116
6.5	0.00047758804767484436	0.00047758804767484436	0.00047758804767484436	0.00047758804767484436
6.6	0.0004545562152083868	0.0004545562152083868	0.0004545562152083868	0.0004545562152083868
6.7	0.00041694885578448895	0.00041694885578448895	0.00041694885578448895	0.00041694885578448895
6.800000000000001	0.0003748260744531713	0.0003748260744531713	0.0003748260744531713	0.0003748260744531713
6.9	0.00034141127300375227	0.00034141127300375227	0.00034141127300375227	0.00034141127300375227
7.0	0.00033837176159017684	0.00033837176159017684	0.00033837176159017684	0.00033837176159017684
7.1	0.0002953057356180694	0.0002953057356180694	0.0002953057356180694	0.0002953057356180694
7.2	0.00022615399467359567	0.00022615399467359567	0.00022615399467359567	0.00022615399467359567
7.300000000000001	0.0002062773568182309	0.0002062773568182309	0.0002062773568182309	0.0002062773568182309
7.4	0.00014958121278528487	0.00014958121278528487	0.00014958121278528487	0.00014958121278528487
7.5	0.00010193009092134354	0.00010193009092134354	0.00010193009092134354	0.00010193009092134354
7.6	2.0150971226281933e-05	2.0150971226281933e-05	2.0150971226281933e-05	2.0150971226281933e-05
7.7	0.0	0.0	0.0	0.0
7.800000000000001	0.0	0.0	0.0	0.0
7.9	0.0	0.0	0.0	0.0
8.0	0.0	0.0	0.0	0.0
8.100000000000001	0.0	0.0	0.0	0.0
8.2	0.0	0.0	0.0	0.0
8.3	0.0	0.0	0.0	0.0
8.4	0.0	0.0	0.0	0.0
8.5	0.0	0.0	0.0	0.0
8.600000000000001	0.0	0.0	0.0	0.0
8.7	0.0	0.0	0.0	0.0
8.8	0.0	0.0	0.0	0.0
8.9	0.0	0.0	0.0	0.0
9.0	0.0	0.0	0.0	0.0
9.100000000000001	0.0	0.0	0.0	0.0
9.2	0.0	0.0	0.0	0.0
9.3	0.0	0.0	0.0	0.0
9.4	0.0	0.0	0.0	0.0
9.5	0.0	0.0	0.0	0.0
9.600000000000001	0.0	0.0	0.0	0.0
9.7	0.0	0.0	0.0	0.0
9.8	0.0	0.0	0.0	0.0
9.9	0.0	0.0	0.0	0.0
