4.0	0.004788020890148853	0.004788020890148853	0.004788020890148853	0.004788020890148853
4.1	0.004788020890148853	0.004788020890148853	0.004788020890148853	0.004788020890148853
4.2	0.004788020890148853	0.004788020890148853	0.004788020890148853	0.004788020890148853
4.3	0.004788020890148853	0.004788020890148853	0.004788020890148853	0.004788020890148853
4.4	0.004788020890148853	0.004788020890148853	0.004788020890148853	0.004788020890148853
4.5	0.004788020890148853	0.004788020890148853	0.004788020890148853	0.004788020890148853
4.6	0.004788020890148853	0.004788020890148853	0.004788020890148853	0.004788020890148853
4.7	0.004788020890148853	0.004788020890148853	0.004788020890148853	0.004788020890148853
4.8	0.004788020890148853	0.004788020890148853	0.004788020890148853	0.004788020890148853
4.9	0.004788020890148853	0.004788020890148853	0.004788020890148853	0.004788020890148853
5.0	0.004788020890148853	0.004788020890148853	0.004788020890148853	0.004788020890148853
5.1	0.004788020890148853	0.004788020890148853	0.004788020890148853	0.004788020890148853
5.2	0.004788020890148853	0.004788020890148853	0.004788020890148853	0.004788020890148853
5.3	0.004788020890148853	0.004788020890148853	0.004788020890148853	0.004788020890148853
5.4	0.004788020890148853	0.004788020890148853	0.004788020890148853	0.004788020890148853
5.5	0.004788020890148853	0.004788020890148853	0.004788020890148853	0.004788020890148853
5.6	0.002262814615651343	0.002262814615651343	0.002262814615651343	0.002262814615651343
5.7	0.0020016563935065864	0.0020016563935065864	0.0020016563935065864	0.0020016563935065864
5.8	0.001976671817503257	0.001976671817503257	0.001976671817503257	0.001976671817503257
5.9	0.0018129412687337635	0.0018129412687337635	0.0018129412687337635	0.0018129412687337635
6.0	0.00144105580678492	0.00144105580678492	0.00144105580678492	0.00144105580678492
6.1	0.0013607057222534895	0.0013607057222534895	0.0013607057222534895	0.0013607057222534895
6.2	0.0012941817997461197	0.0012941817997461197	0.0012941817997461197	0.0012941817997461197
6.300000000000001	0.001219922486388565	0.001219922486388565	0.001219922486388565	0.001219922486388565
6.4	0.0010986063765255794	0.0010986063765255794	0.0010986063765255794	0.0010986063765255794
6.5	0.0010896993658048432	0.0010896993658048432	0.0010896993658048432	0.0010896993658048432
6.6	0.0009451576711725702	0.0009451576711725702	0.0009451576711725702	0.0009451576711725702
6.7	0.0007304494331347983	0.0007304494331347983	0.0007304494331347983	0.0007304494331347983
6.800000000000001	0.0006472056186037657	0.0006472056186037657	0.0006472056186037657	0.0006472056186037657
6.9	0.0005911654447698171	0.0005911654447698171	0.0005911654447698171	0.0005911654447698171
7.0	0.0005555999572087212	0.0005555999572087212	0.0005555999572087212	0.0005555999572087212
7.1	0.0004732279955123571	0.0004732279955123571	0.0004732279955123571	0.0004732279955123571
7.2	0.00040094987367121637	0.00040094987367121637	0.00040094987367121637	0.00040094987367121637
7.300000000000001	0.0003431330425163437	0.0003431330425163437	0.0003431330425163437	0.0003431330425163437
7.4	0.000264065276507168	0.000264065276507168	0.000264065276507168	0.000264065276507168
7.5	0.0001828030058279238	0.0001828030058279238	0.0001828030058279238	0.0001828030058279238
7.6	8.197279862394297e-05	8.197279862394297e-05	8.197279862394297e-05	8.197279862394297e-05
7.7	4.077132526273098e-05	4.077132526273098e-05	4.077132526273098e-05	4.077132526273098e-05
7.800000000000001	1.2934721236867701e-05	1.2934721236867701e-05	1.2934721236867701e-05	1.2934721236867701e-05
7.9	4.52465357000899e-06	4.52465357000899e-06	4.52465357000899e-06	4.52465357000899e-06
8.0	0.0	0.0	0.0	0.0
8.100000000000001	0.0	0.0	0.0	0.0
8.2	0.0	0.0	0.0	0.0
8.3	0.0	0.0	0.0	0.0
8.4	0.0	0.0	0.0	0.0
8.5	0.0	0.0	0.0	0.0
8.600000000000001	0.0	0.0	0.0	0.0
8.7	0.0	0.0	0.0	0.0
8.8	0.0	0.0	0.0	0.0
8.9	0.0	0.0	0.0	0.0
9.0	0.0	0.0	0.0	0.0
9.100000000000001	0.0	0.0	0.0	0.0
9.2	0.0	0.0	0.0	0.0
9.3	0.0	0.0	0.0	0.0
9.4	0.0	0.0	0.0	0.0
9.5	0.0	0.0	0.0	0.0
9.600000000000001	0.0	0.0	0.0	0.0
9.7	0.0	0.0	0.0	0.0
9.8	0.0	0.0	0.0	0.0
9.9	0.0	0.0	0.0	0.0
