4.0	0.053368632899725515	0.053368632899725515	0.053368632899725515	0.053368632899725515
4.1	0.053368632899725515	0.053368632899725515	0.053368632899725515	0.053368632899725515
4.2	0.053368632899725515	0.053368632899725515	0.053368632899725515	0.053368632899725515
4.3	0.0533686328997255	0.0533686328997255	0.0533686328997255	0.0533686328997255
4.4	0.053368632899725515	0.053368632899725515	0.053368632899725515	0.053368632899725515
4.5	0.053368632899725515	0.053368632899725515	0.053368632899725515	0.053368632899725515
4.6	0.053368632899725515	0.053368632899725515	0.053368632899725515	0.053368632899725515
4.7	0.0533686328997255	0.0533686328997255	0.0533686328997255	0.0533686328997255
4.8	0.053368632899725515	0.053368632899725515	0.053368632899725515	0.053368632899725515
4.9	0.053368632899725515	0.053368632899725515	0.053368632899725515	0.053368632899725515
5.0	0.053368632899725515	0.053368632899725515	0.053368632899725515	0.053368632899725515
5.1	0.0533686328997255	0.0533686328997255	0.0533686328997255	0.0533686328997255
5.2	0.053368632899725515	0.053368632899725515	0.053368632899725515	0.053368632899725515
5.3	0.053368632899725515	0.053368632899725515	0.053368632899725515	0.053368632899725515
5.4	0.053368632899725515	0.053368632899725515	0.053368632899725515	0.053368632899725515
5.5	0.0533686328997255	0.0533686328997255	0.0533686328997255	0.0533686328997255
5.6	0.0431021979777796	0.0431021979777796	0.0431021979777796	0.0431021979777796
5.7	0.036346279525508576	0.036346279525508576	0.036346279525508576	0.036346279525508576
5.8	0.027807012858050442	0.027807012858050442	0.027807012858050442	0.027807012858050442
5.9	0.0211769416504461	0.0211769416504461	0.0211769416504461	0.0211769416504461
6.0	0.01915249842128583	0.01915249842128583	0.01915249842128583	0.01915249842128583
6.1	0.014960077922516185	0.014960077922516185	0.014960077922516185	0.014960077922516185
6.2	0.010898307866394166	0.010898307866394166	0.010898307866394166	0.010898307866394166
6.300000000000001	0.008848294679649342	0.008848294679649342	0.008848294679649342	0.008848294679649342
6.4	0.007431547833884255	0.007431547833884255	0.007431547833884255	0.007431547833884255
6.5	0.006302818335306179	0.006302818335306179	0.006302818335306179	0.006302818335306179
6.6	0.004908360734917611	0.004908360734917611	0.004908360734917611	0.004908360734917611
6.7	0.004165767363756577	0.004165767363756577	0.004165767363756577	0.004165767363756577
6.800000000000001	0.0031539362450442965	0.0031539362450442965	0.0031539362450442965	0.0031539362450442965
6.9	0.0026175441679805217	0.0026175441679805217	0.0026175441679805217	0.0026175441679805217
7.0	0.0021135159982250346	0.0021135159982250346	0.0021135159982250346	0.0021135159982250346
7.1	0.0015842083943644262	0.0015842083943644262	0.0015842083943644262	0.0015842083943644262
7.2	0.0012043487689932773	0.0012043487689932773	0.0012043487689932773	0.0012043487689932773
7.300000000000001	0.0009839908461977116	0.0009839908461977116	0.0009839908461977116	0.0009839908461977116
7.4	0.0007852102194365557	0.0007852102194365557	0.0007852102194365557	0.0007852102194365557
7.5	0.0005866449158144472	0.0005866449158144472	0.0005866449158144472	0.0005866449158144472
7.6	0.0004237193484753194	0.0004237193484753194	0.0004237193484753194	0.0004237193484753194
7.7	0.000286234705008264	0.000286234705008264	0.000286234705008264	0.000286234705008264
7.800000000000001	0.00020970605815832577	0.00020970605815832577	0.00020970605815832577	0.00020970605815832577
7.9	0.00011932377642900647	0.00011932377642900647	0.00011932377642900647	0.00011932377642900647
8.0	7.152949387136512e-05	7.152949387136512e-05	7.152949387136512e-05	7.152949387136512e-05
8.100000000000001	4.019907970300246e-05	4.019907970300246e-05	4.019907970300246e-05	4.019907970300246e-05
8.2	1.8047711541734463e-05	1.8047711541734463e-05	1.8047711541734463e-05	1.8047711541734463e-05
8.3	5.123714116835303e-06	5.123714116835303e-06	5.123714116835303e-06	5.123714116835303e-06
8.4	0.0	0.0	0.0	0.0
8.5	0.0	0.0	0.0	0.0
8.600000000000001	0.0	0.0	0.0	0.0
8.7	0.0	0.0	0.0	0.0
8.8	0.0	0.0	0.0	0.0
8.9	0.0	0.0	0.0	0.0
9.0	0.0	0.0	0.0	0.0
9.100000000000001	0.0	0.0	0.0	0.0
9.2	0.0	0.0	0.0	0.0
9.3	0.0	0.0	0.0	0.0
9.4	0.0	0.0	0.0	0.0
9.5	0.0	0.0	0.0	0.0
9.600000000000001	0.0	0.0	0.0	0.0
9.7	0.0	0.0	0.0	0.0
9.8	0.0	0.0	0.0	0.0
9.9	0.0	0.0	0.0	0.0
