4.0	0.0002411009735334568	0.0002411009735334568	0.0002411009735334568	0.0002411009735334568
4.1	0.0002411009735334568	0.0002411009735334568	0.0002411009735334568	0.0002411009735334568
4.2	0.0002411009735334568	0.0002411009735334568	0.0002411009735334568	0.0002411009735334568
4.3	0.0002411009735334568	0.0002411009735334568	0.0002411009735334568	0.0002411009735334568
4.4	0.0002411009735334568	0.0002411009735334568	0.0002411009735334568	0.0002411009735334568
4.5	0.0002411009735334568	0.0002411009735334568	0.0002411009735334568	0.0002411009735334568
4.6	0.0002411009735334568	0.0002411009735334568	0.0002411009735334568	0.0002411009735334568
4.7	0.0002411009735334568	0.0002411009735334568	0.0002411009735334568	0.0002411009735334568
4.8	0.0002411009735334568	0.0002411009735334568	0.0002411009735334568	0.0002411009735334568
4.9	0.0002411009735334568	0.0002411009735334568	0.0002411009735334568	0.0002411009735334568
5.0	0.0002411009735334568	0.0002411009735334568	0.0002411009735334568	0.0002411009735334568
5.1	0.0002411009735334568	0.0002411009735334568	0.0002411009735334568	0.0002411009735334568
5.2	0.0002411009735334568	0.0002411009735334568	0.0002411009735334568	0.0002411009735334568
5.3	0.0002411009735334568	0.0002411009735334568	0.0002411009735334568	0.0002411009735334568
5.4	0.0002411009735334568	0.0002411009735334568	0.0002411009735334568	0.0002411009735334568
5.5	0.0002411009735334568	0.0002411009735334568	0.0002411009735334568	0.0002411009735334568
5.6	0.0002411009735334568	0.0002411009735334568	0.0002411009735334568	0.0002411009735334568
5.7	0.0002411009735334568	0.0002411009735334568	0.0002411009735334568	0.0002411009735334568
5.8	0.0002411009735334568	0.0002411009735334568	0.0002411009735334568	0.0002411009735334568
5.9	0.0002411009735334568	0.0002411009735334568	0.0002411009735334568	0.0002411009735334568
6.0	0.0001698918557377272	0.0001698918557377272	0.0001698918557377272	0.0001698918557377272
6.1	0.0001698918557377272	0.0001698918557377272	0.0001698918557377272	0.0001698918557377272
6.2	0.0001606817652197709	0.0001606817652197709	0.0001606817652197709	0.0001606817652197709
6.300000000000001	0.00014438115332981224	0.00014438115332981224	0.00014438115332981224	0.00014438115332981224
6.4	0.00014438115332981224	0.00014438115332981224	0.00014438115332981224	0.00014438115332981224
6.5	0.0001427472216139002	0.0001427472216139002	0.0001427472216139002	0.0001427472216139002
6.6	0.00014166659137298032	0.00014166659137298032	0.00014166659137298032	0.00014166659137298032
6.7	0.0001389215511756358	0.0001389215511756358	0.0001389215511756358	0.0001389215511756358
6.800000000000001	0.00013377636940594016	0.00013377636940594016	0.00013377636940594016	0.00013377636940594016
6.9	0.00012761153119812143	0.00012761153119812143	0.00012761153119812143	0.00012761153119812143
7.0	0.00012215464968228027	0.00012215464968228027	0.00012215464968228027	0.00012215464968228027
7.1	0.00010035431984257728	0.00010035431984257728	0.00010035431984257728	0.00010035431984257728
7.2	9.376281328111735e-05	9.376281328111735e-05	9.376281328111735e-05	9.376281328111735e-05
7.300000000000001	8.717165004632908e-05	8.717165004632908e-05	8.717165004632908e-05	8.717165004632908e-05
7.4	8.058135248082389e-05	8.058135248082389e-05	8.058135248082389e-05	8.058135248082389e-05
7.5	6.623925869709429e-05	6.623925869709429e-05	6.623925869709429e-05	6.623925869709429e-05
7.6	5.181083549322243e-05	5.181083549322243e-05	5.181083549322243e-05	5.181083549322243e-05
7.7	2.790618565141305e-05	2.790618565141305e-05	2.790618565141305e-05	2.790618565141305e-05
7.800000000000001	8.500728912551423e-06	8.500728912551423e-06	8.500728912551423e-06	8.500728912551423e-06
7.9	3.015963167101866e-06	3.015963167101866e-06	3.015963167101866e-06	3.015963167101866e-06
8.0	0.0	0.0	0.0	0.0
8.100000000000001	0.0	0.0	0.0	0.0
8.2	0.0	0.0	0.0	0.0
8.3	0.0	0.0	0.0	0.0
8.4	0.0	0.0	0.0	0.0
8.5	0.0	0.0	0.0	0.0
8.600000000000001	0.0	0.0	0.0	0.0
8.7	0.0	0.0	0.0	0.0
8.8	0.0	0.0	0.0	0.0
8.9	0.0	0.0	0.0	0.0
9.0	0.0	0.0	0.0	0.0
9.100000000000001	0.0	0.0	0.0	0.0
9.2	0.0	0.0	0.0	0.0
9.3	0.0	0.0	0.0	0.0
9.4	0.0	0.0	0.0	0.0
9.5	0.0	0.0	0.0	0.0
9.600000000000001	0.0	0.0	0.0	0.0
9.7	0.0	0.0	0.0	0.0
9.8	0.0	0.0	0.0	0.0
9.9	0.0	0.0	0.0	0.0
