4.0	0.013282432653722642	0.013282432653722642	0.013282432653722642	0.013282432653722642
4.1	0.013282432653722642	0.013282432653722642	0.013282432653722642	0.013282432653722642
4.2	0.013282432653722642	0.013282432653722642	0.013282432653722642	0.013282432653722642
4.3	0.013282432653722642	0.013282432653722642	0.013282432653722642	0.013282432653722642
4.4	0.013282432653722642	0.013282432653722642	0.013282432653722642	0.013282432653722642
4.5	0.013282432653722642	0.013282432653722642	0.013282432653722642	0.013282432653722642
4.6	0.013282432653722642	0.013282432653722642	0.013282432653722642	0.013282432653722642
4.7	0.013282432653722642	0.013282432653722642	0.013282432653722642	0.013282432653722642
4.8	0.013282432653722642	0.013282432653722642	0.013282432653722642	0.013282432653722642
4.9	0.013282432653722642	0.013282432653722642	0.013282432653722642	0.013282432653722642
5.0	0.013282432653722642	0.013282432653722642	0.013282432653722642	0.013282432653722642
5.1	0.013282432653722642	0.013282432653722642	0.013282432653722642	0.013282432653722642
5.2	0.013282432653722642	0.013282432653722642	0.013282432653722642	0.013282432653722642
5.3	0.013282432653722642	0.013282432653722642	0.013282432653722642	0.013282432653722642
5.4	0.013282432653722642	0.013282432653722642	0.013282432653722642	0.013282432653722642
5.5	0.013282432653722642	0.013282432653722642	0.013282432653722642	0.013282432653722642
5.6	0.006873947393183733	0.006873947393183733	0.006873947393183733	0.006873947393183733
5.7	0.006873947393183733	0.006873947393183733	0.006873947393183733	0.006873947393183733
5.8	0.006873947393183731	0.006873947393183731	0.006873947393183731	0.006873947393183731
5.9	0.006873947393183733	0.006873947393183733	0.006873947393183733	0.006873947393183733
6.0	0.005447636663363104	0.005447636663363104	0.005447636663363104	0.005447636663363104
6.1	0.004800590226185426	0.004800590226185426	0.004800590226185426	0.004800590226185426
6.2	0.004369461946184756	0.004369461946184756	0.004369461946184756	0.004369461946184756
6.300000000000001	0.004369461946184756	0.004369461946184756	0.004369461946184756	0.004369461946184756
6.4	0.0043694619461847545	0.0043694619461847545	0.0043694619461847545	0.0043694619461847545
6.5	0.004010657111591727	0.004010657111591727	0.004010657111591727	0.004010657111591727
6.6	0.0035717873189449537	0.0035717873189449537	0.0035717873189449537	0.0035717873189449537
6.7	0.003238428785602306	0.003238428785602306	0.003238428785602306	0.003238428785602306
6.800000000000001	0.0028355492773942358	0.0028355492773942358	0.0028355492773942358	0.0028355492773942358
6.9	0.0025090449567249868	0.0025090449567249868	0.0025090449567249868	0.0025090449567249868
7.0	0.0018793644431728009	0.0018793644431728009	0.0018793644431728009	0.0018793644431728009
7.1	0.0017515572580747234	0.0017515572580747234	0.0017515572580747234	0.0017515572580747234
7.2	0.0013660426596308727	0.0013660426596308727	0.0013660426596308727	0.0013660426596308727
7.300000000000001	0.001208970558510035	0.001208970558510035	0.001208970558510035	0.001208970558510035
7.4	0.0009633013386785823	0.0009633013386785823	0.0009633013386785823	0.0009633013386785823
7.5	0.000897254811275775	0.000897254811275775	0.000897254811275775	0.000897254811275775
7.6	0.0007486087916189947	0.0007486087916189947	0.0007486087916189947	0.0007486087916189947
7.7	0.0006866183936324265	0.0006866183936324265	0.0006866183936324265	0.0006866183936324265
7.800000000000001	0.00048660627919930424	0.00048660627919930424	0.00048660627919930424	0.00048660627919930424
7.9	0.00031613378093974057	0.00031613378093974057	0.00031613378093974057	0.00031613378093974057
8.0	0.00022331275119502294	0.00022331275119502294	0.00022331275119502294	0.00022331275119502294
8.100000000000001	8.575880486308349e-05	8.575880486308349e-05	8.575880486308349e-05	8.575880486308349e-05
8.2	0.0	0.0	0.0	0.0
8.3	0.0	0.0	0.0	0.0
8.4	0.0	0.0	0.0	0.0
8.5	0.0	0.0	0.0	0.0
8.600000000000001	0.0	0.0	0.0	0.0
8.7	0.0	0.0	0.0	0.0
8.8	0.0	0.0	0.0	0.0
8.9	0.0	0.0	0.0	0.0
9.0	0.0	0.0	0.0	0.0
9.100000000000001	0.0	0.0	0.0	0.0
9.2	0.0	0.0	0.0	0.0
9.3	0.0	0.0	0.0	0.0
9.4	0.0	0.0	0.0	0.0
9.5	0.0	0.0	0.0	0.0
9.600000000000001	0.0	0.0	0.0	0.0
9.7	0.0	0.0	0.0	0.0
9.8	0.0	0.0	0.0	0.0
9.9	0.0	0.0	0.0	0.0
