4.0	0.022028910220533868	0.022028910220533868	0.022028910220533868	0.022028910220533868
4.1	0.022028910220533864	0.022028910220533864	0.022028910220533864	0.022028910220533864
4.2	0.022028910220533868	0.022028910220533868	0.022028910220533868	0.022028910220533868
4.3	0.022028910220533864	0.022028910220533864	0.022028910220533864	0.022028910220533864
4.4	0.022028910220533868	0.022028910220533868	0.022028910220533868	0.022028910220533868
4.5	0.022028910220533864	0.022028910220533864	0.022028910220533864	0.022028910220533864
4.6	0.022028910220533868	0.022028910220533868	0.022028910220533868	0.022028910220533868
4.7	0.022028910220533864	0.022028910220533864	0.022028910220533864	0.022028910220533864
4.8	0.022028910220533868	0.022028910220533868	0.022028910220533868	0.022028910220533868
4.9	0.022028910220533864	0.022028910220533864	0.022028910220533864	0.022028910220533864
5.0	0.022028910220533868	0.022028910220533868	0.022028910220533868	0.022028910220533868
5.1	0.022028910220533864	0.022028910220533864	0.022028910220533864	0.022028910220533864
5.2	0.022028910220533868	0.022028910220533868	0.022028910220533868	0.022028910220533868
5.3	0.022028910220533864	0.022028910220533864	0.022028910220533864	0.022028910220533864
5.4	0.022028910220533868	0.022028910220533868	0.022028910220533868	0.022028910220533868
5.5	0.022028910220533864	0.022028910220533864	0.022028910220533864	0.022028910220533864
5.6	0.019301431640106326	0.019301431640106326	0.019301431640106326	0.019301431640106326
5.7	0.015575011458729962	0.015575011458729962	0.015575011458729962	0.015575011458729962
5.8	0.0133135004017277	0.0133135004017277	0.0133135004017277	0.0133135004017277
5.9	0.011169297174787521	0.011169297174787521	0.011169297174787521	0.011169297174787521
6.0	0.009639735001454075	0.009639735001454075	0.009639735001454075	0.009639735001454075
6.1	0.007838454685201127	0.007838454685201127	0.007838454685201127	0.007838454685201127
6.2	0.006296739124472113	0.006296739124472113	0.006296739124472113	0.006296739124472113
6.300000000000001	0.005302914399663756	0.005302914399663756	0.005302914399663756	0.005302914399663756
6.4	0.004300941034115608	0.004300941034115608	0.004300941034115608	0.004300941034115608
6.5	0.0035842730097656026	0.0035842730097656026	0.0035842730097656026	0.0035842730097656026
6.6	0.003157146081356276	0.003157146081356276	0.003157146081356276	0.003157146081356276
6.7	0.002327233527144529	0.002327233527144529	0.002327233527144529	0.002327233527144529
6.800000000000001	0.0020492413651103307	0.0020492413651103307	0.0020492413651103307	0.0020492413651103307
6.9	0.001712217581813676	0.001712217581813676	0.001712217581813676	0.001712217581813676
7.0	0.0015029324939753418	0.0015029324939753418	0.0015029324939753418	0.0015029324939753418
7.1	0.0011757261270169566	0.0011757261270169566	0.0011757261270169566	0.0011757261270169566
7.2	0.0009261673565401461	0.0009261673565401461	0.0009261673565401461	0.0009261673565401461
7.300000000000001	0.0007121380432531086	0.0007121380432531086	0.0007121380432531086	0.0007121380432531086
7.4	0.0005425999064248267	0.0005425999064248267	0.0005425999064248267	0.0005425999064248267
7.5	0.0004481118554426874	0.0004481118554426874	0.0004481118554426874	0.0004481118554426874
7.6	0.0002968691846974874	0.0002968691846974874	0.0002968691846974874	0.0002968691846974874
7.7	0.00023886507770526198	0.00023886507770526198	0.00023886507770526198	0.00023886507770526198
7.800000000000001	0.00016129098266487804	0.00016129098266487804	0.00016129098266487804	0.00016129098266487804
7.9	0.00012070006953236913	0.00012070006953236913	0.00012070006953236913	0.00012070006953236913
8.0	8.565063197330437e-05	8.565063197330437e-05	8.565063197330437e-05	8.565063197330437e-05
8.100000000000001	5.056144299560339e-05	5.056144299560339e-05	5.056144299560339e-05	5.056144299560339e-05
8.2	9.29719130658356e-06	9.29719130658356e-06	9.29719130658356e-06	9.29719130658356e-06
8.3	4.552067260889516e-06	4.552067260889516e-06	4.552067260889516e-06	4.552067260889516e-06
8.4	0.0	0.0	0.0	0.0
8.5	0.0	0.0	0.0	0.0
8.600000000000001	0.0	0.0	0.0	0.0
8.7	0.0	0.0	0.0	0.0
8.8	0.0	0.0	0.0	0.0
8.9	0.0	0.0	0.0	0.0
9.0	0.0	0.0	0.0	0.0
9.100000000000001	0.0	0.0	0.0	0.0
9.2	0.0	0.0	0.0	0.0
9.3	0.0	0.0	0.0	0.0
9.4	0.0	0.0	0.0	0.0
9.5	0.0	0.0	0.0	0.0
9.600000000000001	0.0	0.0	0.0	0.0
9.7	0.0	0.0	0.0	0.0
9.8	0.0	0.0	0.0	0.0
9.9	0.0	0.0	0.0	0.0
