4.0	0.0013188377090477927	0.0013188377090477927	0.0013188377090477927	0.0013188377090477927
4.1	0.0013188377090477927	0.0013188377090477927	0.0013188377090477927	0.0013188377090477927
4.2	0.0013188377090477927	0.0013188377090477927	0.0013188377090477927	0.0013188377090477927
4.3	0.0013188377090477927	0.0013188377090477927	0.0013188377090477927	0.0013188377090477927
4.4	0.0013188377090477927	0.0013188377090477927	0.0013188377090477927	0.0013188377090477927
4.5	0.0013188377090477927	0.0013188377090477927	0.0013188377090477927	0.0013188377090477927
4.6	0.0013188377090477927	0.0013188377090477927	0.0013188377090477927	0.0013188377090477927
4.7	0.0013188377090477927	0.0013188377090477927	0.0013188377090477927	0.0013188377090477927
4.8	0.0013188377090477927	0.0013188377090477927	0.0013188377090477927	0.0013188377090477927
4.9	0.0013188377090477927	0.0013188377090477927	0.0013188377090477927	0.0013188377090477927
5.0	0.0013188377090477927	0.0013188377090477927	0.0013188377090477927	0.0013188377090477927
5.1	0.0013188377090477927	0.0013188377090477927	0.0013188377090477927	0.0013188377090477927
5.2	0.0013188377090477927	0.0013188377090477927	0.0013188377090477927	0.0013188377090477927
5.3	0.0013188377090477927	0.0013188377090477927	0.0013188377090477927	0.0013188377090477927
5.4	0.0013188377090477927	0.0013188377090477927	0.0013188377090477927	0.0013188377090477927
5.5	0.0013188377090477927	0.0013188377090477927	0.0013188377090477927	0.0013188377090477927
5.6	0.0013188377090477927	0.0013188377090477927	0.0013188377090477927	0.0013188377090477927
5.7	0.0013188377090477927	0.0013188377090477927	0.0013188377090477927	0.0013188377090477927
5.8	0.0010622045561583364	0.0010622045561583364	0.0010622045561583364	0.0010622045561583364
5.9	0.0006701531504965817	0.0006701531504965817	0.0006701531504965817	0.0006701531504965817
6.0	0.0006701531504965817	0.0006701531504965817	0.0006701531504965817	0.0006701531504965817
6.1	0.0006701531504965817	0.0006701531504965817	0.0006701531504965817	0.0006701531504965817
6.2	0.0003930739101780837	0.0003930739101780837	0.0003930739101780837	0.0003930739101780837
6.300000000000001	0.0003930739101780837	0.0003930739101780837	0.0003930739101780837	0.0003930739101780837
6.4	0.0003930739101780837	0.0003930739101780837	0.0003930739101780837	0.0003930739101780837
6.5	0.000259084288329763	0.000259084288329763	0.000259084288329763	0.000259084288329763
6.6	0.000259084288329763	0.000259084288329763	0.000259084288329763	0.000259084288329763
6.7	0.00022374013679875	0.00022374013679875	0.00022374013679875	0.00022374013679875
6.800000000000001	0.0002034447229679935	0.0002034447229679935	0.0002034447229679935	0.0002034447229679935
6.9	0.00016844820121993307	0.00016844820121993307	0.00016844820121993307	0.00016844820121993307
7.0	0.0001553316859048258	0.0001553316859048258	0.0001553316859048258	0.0001553316859048258
7.1	9.646939148373333e-05	9.646939148373333e-05	9.646939148373333e-05	9.646939148373333e-05
7.2	5.956700806255673e-05	5.956700806255673e-05	5.956700806255673e-05	5.956700806255673e-05
7.300000000000001	3.868689022204887e-05	3.868689022204887e-05	3.868689022204887e-05	3.868689022204887e-05
7.4	1.7450459228745916e-05	1.7450459228745916e-05	1.7450459228745916e-05	1.7450459228745916e-05
7.5	0.0	0.0	0.0	0.0
7.6	0.0	0.0	0.0	0.0
7.7	0.0	0.0	0.0	0.0
7.800000000000001	0.0	0.0	0.0	0.0
7.9	0.0	0.0	0.0	0.0
8.0	0.0	0.0	0.0	0.0
8.100000000000001	0.0	0.0	0.0	0.0
8.2	0.0	0.0	0.0	0.0
8.3	0.0	0.0	0.0	0.0
8.4	0.0	0.0	0.0	0.0
8.5	0.0	0.0	0.0	0.0
8.600000000000001	0.0	0.0	0.0	0.0
8.7	0.0	0.0	0.0	0.0
8.8	0.0	0.0	0.0	0.0
8.9	0.0	0.0	0.0	0.0
9.0	0.0	0.0	0.0	0.0
9.100000000000001	0.0	0.0	0.0	0.0
9.2	0.0	0.0	0.0	0.0
9.3	0.0	0.0	0.0	0.0
9.4	0.0	0.0	0.0	0.0
9.5	0.0	0.0	0.0	0.0
9.600000000000001	0.0	0.0	0.0	0.0
9.7	0.0	0.0	0.0	0.0
9.8	0.0	0.0	0.0	0.0
9.9	0.0	0.0	0.0	0.0
