4.0	0.0031457666726498815	0.0031457666726498815	0.0031457666726498815	0.0031457666726498815
4.1	0.0031457666726498815	0.0031457666726498815	0.0031457666726498815	0.0031457666726498815
4.2	0.0031457666726498815	0.0031457666726498815	0.0031457666726498815	0.0031457666726498815
4.3	0.0031457666726498815	0.0031457666726498815	0.0031457666726498815	0.0031457666726498815
4.4	0.0031457666726498815	0.0031457666726498815	0.0031457666726498815	0.0031457666726498815
4.5	0.0031457666726498815	0.0031457666726498815	0.0031457666726498815	0.0031457666726498815
4.6	0.0031457666726498815	0.0031457666726498815	0.0031457666726498815	0.0031457666726498815
4.7	0.0031457666726498815	0.0031457666726498815	0.0031457666726498815	0.0031457666726498815
4.8	0.0031457666726498815	0.0031457666726498815	0.0031457666726498815	0.0031457666726498815
4.9	0.0031457666726498815	0.0031457666726498815	0.0031457666726498815	0.0031457666726498815
5.0	0.0031457666726498815	0.0031457666726498815	0.0031457666726498815	0.0031457666726498815
5.1	0.0031457666726498815	0.0031457666726498815	0.0031457666726498815	0.0031457666726498815
5.2	0.0031457666726498815	0.0031457666726498815	0.0031457666726498815	0.0031457666726498815
5.3	0.0031457666726498815	0.0031457666726498815	0.0031457666726498815	0.0031457666726498815
5.4	0.0031457666726498815	0.0031457666726498815	0.0031457666726498815	0.0031457666726498815
5.5	0.0031457666726498815	0.0031457666726498815	0.0031457666726498815	0.0031457666726498815
5.6	0.0031457666726498815	0.0031457666726498815	0.0031457666726498815	0.0031457666726498815
5.7	0.0021737625628126824	0.0021737625628126824	0.0021737625628126824	0.0021737625628126824
5.8	0.0018870433078279725	0.0018870433078279725	0.0018870433078279725	0.0018870433078279725
5.9	0.0016073796489873599	0.0016073796489873599	0.0016073796489873599	0.0016073796489873599
6.0	0.0016073796489873599	0.0016073796489873599	0.0016073796489873599	0.0016073796489873599
6.1	0.001501126403673503	0.001501126403673503	0.001501126403673503	0.001501126403673503
6.2	0.0012338498782434573	0.0012338498782434573	0.0012338498782434573	0.0012338498782434573
6.300000000000001	0.0011375416770299334	0.0011375416770299334	0.0011375416770299334	0.0011375416770299334
6.4	0.0011375416770299336	0.0011375416770299336	0.0011375416770299336	0.0011375416770299336
6.5	0.0010398690671241245	0.0010398690671241245	0.0010398690671241245	0.0010398690671241245
6.6	0.0009711241716242581	0.0009711241716242581	0.0009711241716242581	0.0009711241716242581
6.7	0.0009139183268735047	0.0009139183268735047	0.0009139183268735047	0.0009139183268735047
6.800000000000001	0.0007772769488707085	0.0007772769488707085	0.0007772769488707085	0.0007772769488707085
6.9	0.0006217852989132341	0.0006217852989132341	0.0006217852989132341	0.0006217852989132341
7.0	0.0006111891438370356	0.0006111891438370356	0.0006111891438370356	0.0006111891438370356
7.1	0.000467423278693391	0.000467423278693391	0.000467423278693391	0.000467423278693391
7.2	0.00034849966243710094	0.00034849966243710094	0.00034849966243710094	0.00034849966243710094
7.300000000000001	0.0002961970753318857	0.0002961970753318857	0.0002961970753318857	0.0002961970753318857
7.4	0.0002469966680612983	0.0002469966680612983	0.0002469966680612983	0.0002469966680612983
7.5	0.0001936875317894039	0.0001936875317894039	0.0001936875317894039	0.0001936875317894039
7.6	0.00012075281244008626	0.00012075281244008626	0.00012075281244008626	0.00012075281244008626
7.7	5.501461693861227e-05	5.501461693861227e-05	5.501461693861227e-05	5.501461693861227e-05
7.800000000000001	0.0	0.0	0.0	0.0
7.9	0.0	0.0	0.0	0.0
8.0	0.0	0.0	0.0	0.0
8.100000000000001	0.0	0.0	0.0	0.0
8.2	0.0	0.0	0.0	0.0
8.3	0.0	0.0	0.0	0.0
8.4	0.0	0.0	0.0	0.0
8.5	0.0	0.0	0.0	0.0
8.600000000000001	0.0	0.0	0.0	0.0
8.7	0.0	0.0	0.0	0.0
8.8	0.0	0.0	0.0	0.0
8.9	0.0	0.0	0.0	0.0
9.0	0.0	0.0	0.0	0.0
9.100000000000001	0.0	0.0	0.0	0.0
9.2	0.0	0.0	0.0	0.0
9.3	0.0	0.0	0.0	0.0
9.4	0.0	0.0	0.0	0.0
9.5	0.0	0.0	0.0	0.0
9.600000000000001	0.0	0.0	0.0	0.0
9.7	0.0	0.0	0.0	0.0
9.8	0.0	0.0	0.0	0.0
9.9	0.0	0.0	0.0	0.0
