4.0	0.0011058715602588823	0.0011058715602588823	0.0011058715602588823	0.0011058715602588823
4.1	0.0011058715602588823	0.0011058715602588823	0.0011058715602588823	0.0011058715602588823
4.2	0.0011058715602588823	0.0011058715602588823	0.0011058715602588823	0.0011058715602588823
4.3	0.0011058715602588823	0.0011058715602588823	0.0011058715602588823	0.0011058715602588823
4.4	0.0011058715602588823	0.0011058715602588823	0.0011058715602588823	0.0011058715602588823
4.5	0.0011058715602588823	0.0011058715602588823	0.0011058715602588823	0.0011058715602588823
4.6	0.0011058715602588823	0.0011058715602588823	0.0011058715602588823	0.0011058715602588823
4.7	0.0011058715602588823	0.0011058715602588823	0.0011058715602588823	0.0011058715602588823
4.8	0.0011058715602588823	0.0011058715602588823	0.0011058715602588823	0.0011058715602588823
4.9	0.0011058715602588823	0.0011058715602588823	0.0011058715602588823	0.0011058715602588823
5.0	0.0011058715602588823	0.0011058715602588823	0.0011058715602588823	0.0011058715602588823
5.1	0.0011058715602588823	0.0011058715602588823	0.0011058715602588823	0.0011058715602588823
5.2	0.0011058715602588823	0.0011058715602588823	0.0011058715602588823	0.0011058715602588823
5.3	0.0011058715602588823	0.0011058715602588823	0.0011058715602588823	0.0011058715602588823
5.4	0.0011058715602588823	0.0011058715602588823	0.0011058715602588823	0.0011058715602588823
5.5	0.0011058715602588823	0.0011058715602588823	0.0011058715602588823	0.0011058715602588823
5.6	0.000761982598226206	0.000761982598226206	0.000761982598226206	0.000761982598226206
5.7	0.000761982598226206	0.000761982598226206	0.000761982598226206	0.000761982598226206
5.8	0.000761982598226206	0.000761982598226206	0.000761982598226206	0.000761982598226206
5.9	0.000761982598226206	0.000761982598226206	0.000761982598226206	0.000761982598226206
6.0	0.0005064388013304511	0.0005064388013304511	0.0005064388013304511	0.0005064388013304511
6.1	0.0005064388013304511	0.0005064388013304511	0.0005064388013304511	0.0005064388013304511
6.2	0.00037836351269365727	0.00037836351269365727	0.00037836351269365727	0.00037836351269365727
6.300000000000001	0.0003362209506901558	0.0003362209506901558	0.0003362209506901558	0.0003362209506901558
6.4	0.00031633118461447176	0.00031633118461447176	0.00031633118461447176	0.00031633118461447176
6.5	0.0003060905474903503	0.0003060905474903503	0.0003060905474903503	0.0003060905474903503
6.6	0.0002479168049143674	0.0002479168049143674	0.0002479168049143674	0.0002479168049143674
6.7	0.0002245497558862975	0.0002245497558862975	0.0002245497558862975	0.0002245497558862975
6.800000000000001	0.00022185943924031538	0.00022185943924031538	0.00022185943924031538	0.00022185943924031538
6.9	0.00019939539265655305	0.00019939539265655305	0.00019939539265655305	0.00019939539265655305
7.0	0.00018932927016441874	0.00018932927016441874	0.00018932927016441874	0.00018932927016441874
7.1	0.00015235919779971218	0.00015235919779971218	0.00015235919779971218	0.00015235919779971218
7.2	0.00014302456770754252	0.00014302456770754252	0.00014302456770754252	0.00014302456770754252
7.300000000000001	0.0001053147457775181	0.0001053147457775181	0.0001053147457775181	0.0001053147457775181
7.4	7.564332636784174e-05	7.564332636784174e-05	7.564332636784174e-05	7.564332636784174e-05
7.5	4.6968981886921245e-05	4.6968981886921245e-05	4.6968981886921245e-05	4.6968981886921245e-05
7.6	3.0174508445633252e-05	3.0174508445633252e-05	3.0174508445633252e-05	3.0174508445633252e-05
7.7	2.4405567017411296e-05	2.4405567017411296e-05	2.4405567017411296e-05	2.4405567017411296e-05
7.800000000000001	1.3262830847970182e-05	1.3262830847970182e-05	1.3262830847970182e-05	1.3262830847970182e-05
7.9	1.9553273847410195e-06	1.9553273847410195e-06	1.9553273847410195e-06	1.9553273847410195e-06
8.0	0.0	0.0	0.0	0.0
8.100000000000001	0.0	0.0	0.0	0.0
8.2	0.0	0.0	0.0	0.0
8.3	0.0	0.0	0.0	0.0
8.4	0.0	0.0	0.0	0.0
8.5	0.0	0.0	0.0	0.0
8.600000000000001	0.0	0.0	0.0	0.0
8.7	0.0	0.0	0.0	0.0
8.8	0.0	0.0	0.0	0.0
8.9	0.0	0.0	0.0	0.0
9.0	0.0	0.0	0.0	0.0
9.100000000000001	0.0	0.0	0.0	0.0
9.2	0.0	0.0	0.0	0.0
9.3	0.0	0.0	0.0	0.0
9.4	0.0	0.0	0.0	0.0
9.5	0.0	0.0	0.0	0.0
9.600000000000001	0.0	0.0	0.0	0.0
9.7	0.0	0.0	0.0	0.0
9.8	0.0	0.0	0.0	0.0
9.9	0.0	0.0	0.0	0.0
