4.0	0.010658193527181937	0.010658193527181937	0.010658193527181937	0.010658193527181937
4.1	0.010658193527181937	0.010658193527181937	0.010658193527181937	0.010658193527181937
4.2	0.010658193527181937	0.010658193527181937	0.010658193527181937	0.010658193527181937
4.3	0.010658193527181937	0.010658193527181937	0.010658193527181937	0.010658193527181937
4.4	0.010658193527181937	0.010658193527181937	0.010658193527181937	0.010658193527181937
4.5	0.010658193527181937	0.010658193527181937	0.010658193527181937	0.010658193527181937
4.6	0.010658193527181937	0.010658193527181937	0.010658193527181937	0.010658193527181937
4.7	0.010658193527181937	0.010658193527181937	0.010658193527181937	0.010658193527181937
4.8	0.010658193527181937	0.010658193527181937	0.010658193527181937	0.010658193527181937
4.9	0.010658193527181937	0.010658193527181937	0.010658193527181937	0.010658193527181937
5.0	0.010658193527181937	0.010658193527181937	0.010658193527181937	0.010658193527181937
5.1	0.010658193527181937	0.010658193527181937	0.010658193527181937	0.010658193527181937
5.2	0.010658193527181937	0.010658193527181937	0.010658193527181937	0.010658193527181937
5.3	0.010658193527181937	0.010658193527181937	0.010658193527181937	0.010658193527181937
5.4	0.010658193527181937	0.010658193527181937	0.010658193527181937	0.010658193527181937
5.5	0.010658193527181937	0.010658193527181937	0.010658193527181937	0.010658193527181937
5.6	0.009808309284743175	0.009808309284743175	0.009808309284743175	0.009808309284743175
5.7	0.009808309284743175	0.009808309284743175	0.009808309284743175	0.009808309284743175
5.8	0.009808309284743175	0.009808309284743175	0.009808309284743175	0.009808309284743175
5.9	0.007735898541370236	0.007735898541370236	0.007735898541370236	0.007735898541370236
6.0	0.0059129204962298865	0.0059129204962298865	0.0059129204962298865	0.0059129204962298865
6.1	0.0051975520481165145	0.0051975520481165145	0.0051975520481165145	0.0051975520481165145
6.2	0.004396231353070188	0.004396231353070188	0.004396231353070188	0.004396231353070188
6.300000000000001	0.004235700959715109	0.004235700959715109	0.004235700959715109	0.004235700959715109
6.4	0.0038180065799370494	0.0038180065799370494	0.0038180065799370494	0.0038180065799370494
6.5	0.0036997901150120746	0.0036997901150120746	0.0036997901150120746	0.0036997901150120746
6.6	0.0034991493926538166	0.0034991493926538166	0.0034991493926538166	0.0034991493926538166
6.7	0.0034243877017425817	0.0034243877017425817	0.0034243877017425817	0.0034243877017425817
6.800000000000001	0.002966856936738686	0.002966856936738686	0.002966856936738686	0.002966856936738686
6.9	0.0026409569078270183	0.0026409569078270183	0.0026409569078270183	0.0026409569078270183
7.0	0.0023014030539101464	0.0023014030539101464	0.0023014030539101464	0.0023014030539101464
7.1	0.001608577444382335	0.001608577444382335	0.001608577444382335	0.001608577444382335
7.2	0.0012821398720891126	0.0012821398720891126	0.0012821398720891126	0.0012821398720891126
7.300000000000001	0.001230028801939567	0.001230028801939567	0.001230028801939567	0.001230028801939567
7.4	0.0009619539593152738	0.0009619539593152738	0.0009619539593152738	0.0009619539593152738
7.5	0.0006744167139844109	0.0006744167139844109	0.0006744167139844109	0.0006744167139844109
7.6	0.00048388566316843367	0.00048388566316843367	0.00048388566316843367	0.00048388566316843367
7.7	0.0002340575478673056	0.0002340575478673056	0.0002340575478673056	0.0002340575478673056
7.800000000000001	0.0	0.0	0.0	0.0
7.9	0.0	0.0	0.0	0.0
8.0	0.0	0.0	0.0	0.0
8.100000000000001	0.0	0.0	0.0	0.0
8.2	0.0	0.0	0.0	0.0
8.3	0.0	0.0	0.0	0.0
8.4	0.0	0.0	0.0	0.0
8.5	0.0	0.0	0.0	0.0
8.600000000000001	0.0	0.0	0.0	0.0
8.7	0.0	0.0	0.0	0.0
8.8	0.0	0.0	0.0	0.0
8.9	0.0	0.0	0.0	0.0
9.0	0.0	0.0	0.0	0.0
9.100000000000001	0.0	0.0	0.0	0.0
9.2	0.0	0.0	0.0	0.0
9.3	0.0	0.0	0.0	0.0
9.4	0.0	0.0	0.0	0.0
9.5	0.0	0.0	0.0	0.0
9.600000000000001	0.0	0.0	0.0	0.0
9.7	0.0	0.0	0.0	0.0
9.8	0.0	0.0	0.0	0.0
9.9	0.0	0.0	0.0	0.0
