4.0	0.009091954487830262	0.009091954487830262	0.009091954487830262	0.009091954487830262
4.1	0.009091954487830262	0.009091954487830262	0.009091954487830262	0.009091954487830262
4.2	0.009091954487830262	0.009091954487830262	0.009091954487830262	0.009091954487830262
4.3	0.009091954487830262	0.009091954487830262	0.009091954487830262	0.009091954487830262
4.4	0.009091954487830262	0.009091954487830262	0.009091954487830262	0.009091954487830262
4.5	0.009091954487830262	0.009091954487830262	0.009091954487830262	0.009091954487830262
4.6	0.009091954487830262	0.009091954487830262	0.009091954487830262	0.009091954487830262
4.7	0.009091954487830262	0.009091954487830262	0.009091954487830262	0.009091954487830262
4.8	0.009091954487830262	0.009091954487830262	0.009091954487830262	0.009091954487830262
4.9	0.009091954487830262	0.009091954487830262	0.009091954487830262	0.009091954487830262
5.0	0.009091954487830262	0.009091954487830262	0.009091954487830262	0.009091954487830262
5.1	0.009091954487830262	0.009091954487830262	0.009091954487830262	0.009091954487830262
5.2	0.009091954487830262	0.009091954487830262	0.009091954487830262	0.009091954487830262
5.3	0.009091954487830262	0.009091954487830262	0.009091954487830262	0.009091954487830262
5.4	0.009091954487830262	0.009091954487830262	0.009091954487830262	0.009091954487830262
5.5	0.009091954487830262	0.009091954487830262	0.009091954487830262	0.009091954487830262
5.6	0.006773377873497053	0.006773377873497053	0.006773377873497053	0.006773377873497053
5.7	0.005046460367988991	0.005046460367988991	0.005046460367988991	0.005046460367988991
5.8	0.005046460367988992	0.005046460367988992	0.005046460367988992	0.005046460367988992
5.9	0.0038210367240068296	0.0038210367240068296	0.0038210367240068296	0.0038210367240068296
6.0	0.0030081032318333865	0.0030081032318333865	0.0030081032318333865	0.0030081032318333865
6.1	0.003008103231833387	0.003008103231833387	0.003008103231833387	0.003008103231833387
6.2	0.0022768542088503936	0.0022768542088503936	0.0022768542088503936	0.0022768542088503936
6.300000000000001	0.001712890043582918	0.001712890043582918	0.001712890043582918	0.001712890043582918
6.4	0.001712890043582918	0.001712890043582918	0.001712890043582918	0.001712890043582918
6.5	0.001712890043582918	0.001712890043582918	0.001712890043582918	0.001712890043582918
6.6	0.0012771716770073496	0.0012771716770073496	0.0012771716770073496	0.0012771716770073496
6.7	0.0011642098792214904	0.0011642098792214904	0.0011642098792214904	0.0011642098792214904
6.800000000000001	0.0009634320543790129	0.0009634320543790129	0.0009634320543790129	0.0009634320543790129
6.9	0.0006292830323755695	0.0006292830323755695	0.0006292830323755695	0.0006292830323755695
7.0	0.0004940331423637804	0.0004940331423637804	0.0004940331423637804	0.0004940331423637804
7.1	0.0003190245882640373	0.0003190245882640373	0.0003190245882640373	0.0003190245882640373
7.2	0.00010141001827626035	0.00010141001827626035	0.00010141001827626035	0.00010141001827626035
7.300000000000001	4.636330160274348e-05	4.636330160274348e-05	4.636330160274348e-05	4.636330160274348e-05
7.4	2.724477732083489e-05	2.724477732083489e-05	2.724477732083489e-05	2.724477732083489e-05
7.5	0.0	0.0	0.0	0.0
7.6	0.0	0.0	0.0	0.0
7.7	0.0	0.0	0.0	0.0
7.800000000000001	0.0	0.0	0.0	0.0
7.9	0.0	0.0	0.0	0.0
8.0	0.0	0.0	0.0	0.0
8.100000000000001	0.0	0.0	0.0	0.0
8.2	0.0	0.0	0.0	0.0
8.3	0.0	0.0	0.0	0.0
8.4	0.0	0.0	0.0	0.0
8.5	0.0	0.0	0.0	0.0
8.600000000000001	0.0	0.0	0.0	0.0
8.7	0.0	0.0	0.0	0.0
8.8	0.0	0.0	0.0	0.0
8.9	0.0	0.0	0.0	0.0
9.0	0.0	0.0	0.0	0.0
9.100000000000001	0.0	0.0	0.0	0.0
9.2	0.0	0.0	0.0	0.0
9.3	0.0	0.0	0.0	0.0
9.4	0.0	0.0	0.0	0.0
9.5	0.0	0.0	0.0	0.0
9.600000000000001	0.0	0.0	0.0	0.0
9.7	0.0	0.0	0.0	0.0
9.8	0.0	0.0	0.0	0.0
9.9	0.0	0.0	0.0	0.0
