4.0	0.004317930782877897	0.004317930782877897	0.004317930782877897	0.004317930782877897
4.1	0.004317930782877897	0.004317930782877897	0.004317930782877897	0.004317930782877897
4.2	0.004317930782877897	0.004317930782877897	0.004317930782877897	0.004317930782877897
4.3	0.004317930782877897	0.004317930782877897	0.004317930782877897	0.004317930782877897
4.4	0.004317930782877897	0.004317930782877897	0.004317930782877897	0.004317930782877897
4.5	0.004317930782877897	0.004317930782877897	0.004317930782877897	0.004317930782877897
4.6	0.004317930782877897	0.004317930782877897	0.004317930782877897	0.004317930782877897
4.7	0.004317930782877897	0.004317930782877897	0.004317930782877897	0.004317930782877897
4.8	0.004317930782877897	0.004317930782877897	0.004317930782877897	0.004317930782877897
4.9	0.004317930782877897	0.004317930782877897	0.004317930782877897	0.004317930782877897
5.0	0.004317930782877897	0.004317930782877897	0.004317930782877897	0.004317930782877897
5.1	0.004317930782877897	0.004317930782877897	0.004317930782877897	0.004317930782877897
5.2	0.004317930782877897	0.004317930782877897	0.004317930782877897	0.004317930782877897
5.3	0.004317930782877897	0.004317930782877897	0.004317930782877897	0.004317930782877897
5.4	0.004317930782877897	0.004317930782877897	0.004317930782877897	0.004317930782877897
5.5	0.004317930782877897	0.004317930782877897	0.004317930782877897	0.004317930782877897
5.6	0.004317930782877897	0.004317930782877897	0.004317930782877897	0.004317930782877897
5.7	0.003492884128557174	0.003492884128557174	0.003492884128557174	0.003492884128557174
5.8	0.0034928841285571735	0.0034928841285571735	0.0034928841285571735	0.0034928841285571735
5.9	0.002688536118399274	0.002688536118399274	0.002688536118399274	0.002688536118399274
6.0	0.002070980086165236	0.002070980086165236	0.002070980086165236	0.002070980086165236
6.1	0.0014407362283709473	0.0014407362283709473	0.0014407362283709473	0.0014407362283709473
6.2	0.0012759315637525866	0.0012759315637525866	0.0012759315637525866	0.0012759315637525866
6.300000000000001	0.0011621044734468203	0.0011621044734468203	0.0011621044734468203	0.0011621044734468203
6.4	0.0010110105820767953	0.0010110105820767953	0.0010110105820767953	0.0010110105820767953
6.5	0.0004734104363954229	0.0004734104363954229	0.0004734104363954229	0.0004734104363954229
6.6	0.0003278165295674514	0.0003278165295674514	0.0003278165295674514	0.0003278165295674514
6.7	0.00021240426042118467	0.00021240426042118467	0.00021240426042118467	0.00021240426042118467
6.800000000000001	0.00017232225354163762	0.00017232225354163762	0.00017232225354163762	0.00017232225354163762
6.9	0.00012175496630824879	0.00012175496630824879	0.00012175496630824879	0.00012175496630824879
7.0	9.808505322719474e-05	9.808505322719474e-05	9.808505322719474e-05	9.808505322719474e-05
7.1	6.800320255558242e-05	6.800320255558242e-05	6.800320255558242e-05	6.800320255558242e-05
7.2	6.800320255558242e-05	6.800320255558242e-05	6.800320255558242e-05	6.800320255558242e-05
7.300000000000001	6.354351087434115e-05	6.354351087434115e-05	6.354351087434115e-05	6.354351087434115e-05
7.4	6.25632753233306e-05	6.25632753233306e-05	6.25632753233306e-05	6.25632753233306e-05
7.5	5.185656223583501e-05	5.185656223583501e-05	5.185656223583501e-05	5.185656223583501e-05
7.6	4.306281365348464e-05	4.306281365348464e-05	4.306281365348464e-05	4.306281365348464e-05
7.7	3.9159932368599186e-05	3.9159932368599186e-05	3.9159932368599186e-05	3.9159932368599186e-05
7.800000000000001	3.458481733027847e-05	3.458481733027847e-05	3.458481733027847e-05	3.458481733027847e-05
7.9	2.434327550818829e-05	2.434327550818829e-05	2.434327550818829e-05	2.434327550818829e-05
8.0	1.7771142153384956e-05	1.7771142153384956e-05	1.7771142153384956e-05	1.7771142153384956e-05
8.100000000000001	7.97914469636647e-06	7.97914469636647e-06	7.97914469636647e-06	7.97914469636647e-06
8.2	4.906307410099701e-06	4.906307410099701e-06	4.906307410099701e-06	4.906307410099701e-06
8.3	2.3462561448021208e-06	2.3462561448021208e-06	2.3462561448021208e-06	2.3462561448021208e-06
8.4	0.0	0.0	0.0	0.0
8.5	0.0	0.0	0.0	0.0
8.600000000000001	0.0	0.0	0.0	0.0
8.7	0.0	0.0	0.0	0.0
8.8	0.0	0.0	0.0	0.0
8.9	0.0	0.0	0.0	0.0
9.0	0.0	0.0	0.0	0.0
9.100000000000001	0.0	0.0	0.0	0.0
9.2	0.0	0.0	0.0	0.0
9.3	0.0	0.0	0.0	0.0
9.4	0.0	0.0	0.0	0.0
9.5	0.0	0.0	0.0	0.0
9.600000000000001	0.0	0.0	0.0	0.0
9.7	0.0	0.0	0.0	0.0
9.8	0.0	0.0	0.0	0.0
9.9	0.0	0.0	0.0	0.0
