4.0	0.007402181194071246	0.007402181194071246	0.007402181194071246	0.007402181194071246
4.1	0.007402181194071246	0.007402181194071246	0.007402181194071246	0.007402181194071246
4.2	0.007402181194071246	0.007402181194071246	0.007402181194071246	0.007402181194071246
4.3	0.007402181194071246	0.007402181194071246	0.007402181194071246	0.007402181194071246
4.4	0.007402181194071246	0.007402181194071246	0.007402181194071246	0.007402181194071246
4.5	0.007402181194071246	0.007402181194071246	0.007402181194071246	0.007402181194071246
4.6	0.007402181194071246	0.007402181194071246	0.007402181194071246	0.007402181194071246
4.7	0.007402181194071246	0.007402181194071246	0.007402181194071246	0.007402181194071246
4.8	0.007402181194071246	0.007402181194071246	0.007402181194071246	0.007402181194071246
4.9	0.007402181194071246	0.007402181194071246	0.007402181194071246	0.007402181194071246
5.0	0.007402181194071246	0.007402181194071246	0.007402181194071246	0.007402181194071246
5.1	0.007402181194071246	0.007402181194071246	0.007402181194071246	0.007402181194071246
5.2	0.007402181194071246	0.007402181194071246	0.007402181194071246	0.007402181194071246
5.3	0.007402181194071246	0.007402181194071246	0.007402181194071246	0.007402181194071246
5.4	0.007402181194071246	0.007402181194071246	0.007402181194071246	0.007402181194071246
5.5	0.007402181194071246	0.007402181194071246	0.007402181194071246	0.007402181194071246
5.6	0.007402181194071246	0.007402181194071246	0.007402181194071246	0.007402181194071246
5.7	0.004951779718428279	0.004951779718428279	0.004951779718428279	0.004951779718428279
5.8	0.004501617499137464	0.004501617499137464	0.004501617499137464	0.004501617499137464
5.9	0.004501617499137464	0.004501617499137464	0.004501617499137464	0.004501617499137464
6.0	0.0036029086640345623	0.0036029086640345623	0.0036029086640345623	0.0036029086640345623
6.1	0.002976683845192936	0.002976683845192936	0.002976683845192936	0.002976683845192936
6.2	0.002574640187495453	0.002574640187495453	0.002574640187495453	0.002574640187495453
6.300000000000001	0.0019476648321273317	0.0019476648321273317	0.0019476648321273317	0.0019476648321273317
6.4	0.0016894996731011884	0.0016894996731011884	0.0016894996731011884	0.0016894996731011884
6.5	0.001465732416684914	0.001465732416684914	0.001465732416684914	0.001465732416684914
6.6	0.0013223673171278221	0.0013223673171278221	0.0013223673171278221	0.0013223673171278221
6.7	0.0011285668700921577	0.0011285668700921577	0.0011285668700921577	0.0011285668700921577
6.800000000000001	0.000799140994914973	0.000799140994914973	0.000799140994914973	0.000799140994914973
6.9	0.0007267097106047821	0.0007267097106047821	0.0007267097106047821	0.0007267097106047821
7.0	0.0005810753309013004	0.0005810753309013004	0.0005810753309013004	0.0005810753309013004
7.1	0.000457676692295862	0.000457676692295862	0.000457676692295862	0.000457676692295862
7.2	0.00029406778789528164	0.00029406778789528164	0.00029406778789528164	0.00029406778789528164
7.300000000000001	0.00023297261367461302	0.00023297261367461302	0.00023297261367461302	0.00023297261367461302
7.4	0.00018973083419305216	0.00018973083419305216	0.00018973083419305216	0.00018973083419305216
7.5	0.00014704060215294708	0.00014704060215294708	0.00014704060215294708	0.00014704060215294708
7.6	9.046836346650783e-05	9.046836346650783e-05	9.046836346650783e-05	9.046836346650783e-05
7.7	5.6209580722468794e-05	5.6209580722468794e-05	5.6209580722468794e-05	5.6209580722468794e-05
7.800000000000001	2.186239736954381e-05	2.186239736954381e-05	2.186239736954381e-05	2.186239736954381e-05
7.9	2.4320960721477934e-06	2.4320960721477934e-06	2.4320960721477934e-06	2.4320960721477934e-06
8.0	0.0	0.0	0.0	0.0
8.100000000000001	0.0	0.0	0.0	0.0
8.2	0.0	0.0	0.0	0.0
8.3	0.0	0.0	0.0	0.0
8.4	0.0	0.0	0.0	0.0
8.5	0.0	0.0	0.0	0.0
8.600000000000001	0.0	0.0	0.0	0.0
8.7	0.0	0.0	0.0	0.0
8.8	0.0	0.0	0.0	0.0
8.9	0.0	0.0	0.0	0.0
9.0	0.0	0.0	0.0	0.0
9.100000000000001	0.0	0.0	0.0	0.0
9.2	0.0	0.0	0.0	0.0
9.3	0.0	0.0	0.0	0.0
9.4	0.0	0.0	0.0	0.0
9.5	0.0	0.0	0.0	0.0
9.600000000000001	0.0	0.0	0.0	0.0
9.7	0.0	0.0	0.0	0.0
9.8	0.0	0.0	0.0	0.0
9.9	0.0	0.0	0.0	0.0
