4.0	0.04386250067898324	0.051729035847451005	0.05876313911799605	0.0754888258927994
4.1	0.04386250067898324	0.051729035847451005	0.05876313911799605	0.0754888258927994
4.2	0.04386250067898324	0.051729035847451005	0.05876313911799605	0.0754888258927994
4.3	0.04386250067898324	0.051729035847451	0.05876313911799605	0.0754888258927994
4.4	0.04386250067898324	0.051729035847451005	0.05876313911799605	0.0754888258927994
4.5	0.04386250067898324	0.051729035847451005	0.05876313911799605	0.0754888258927994
4.6	0.031728981817610205	0.039148112343341646	0.04532022392300605	0.058836956748039404
4.7	0.027308249106424203	0.03178022449137165	0.036724354762379376	0.0481535193626914
4.8	0.020900411296541802	0.024863986726000653	0.02846558495007272	0.0361565695300714
4.9	0.0149921051682118	0.01701701764931565	0.02261882367724605	0.032094609066841404
5.0	0.0117243235929018	0.014402792389065652	0.01815285552431772	0.025166912127173403
5.1	0.0104288127662032	0.011395356541370649	0.014991192197257216	0.020817697208975403
5.2	0.00879192094448464	0.009265705894876	0.012425351891658882	0.0168870482301854
5.3	0.00690554406136966	0.0081062532388625	0.010145095001501049	0.013872471324551402
5.4	0.00549582166796264	0.006875008808837501	0.008366630824799383	0.0109831510620934
5.5	0.004449836503422639	0.0060614647919735	0.0071075746082247164	0.009100377765925401
5.6	0.00380806915402704	0.0048272968123685	0.005695937149476883	0.0071595792195074
5.7	0.00294599478922144	0.004237988957586	0.00469376021937555	0.005874689956131801
5.8	0.00268208044872864	0.003392638335693	0.004023517642168216	0.005276581941993801
5.9	0.00232592233209684	0.002881755791344	0.003375556494881383	0.0046119958476978
6.0	0.0019787122742532396	0.002412700796004	0.0028852715717702167	0.0040328210791624
6.1	0.0017650952449376398	0.001961677408656	0.0023570515362952168	0.0032204470012850003
6.2	0.0014606810469790599	0.001635367563883	0.001738196711995383	0.0018665454200612003
6.300000000000001	0.00078908923165624	0.0012616402855785002	0.00112162085305755	0.0014837957355824
6.4	0.0006243313940328	0.00079279688465465	0.0007928581892397165	0.0011744326020413998
6.5	0.0	0.00045692724012015	0.00046949023595705	0.0009099316033212001
6.6	0.0	0.0001995231867625	0.00026928257477455	0.0005638600510216399
6.7	0.0	0.0	0.00012557837478483332	0.0003292764284212
6.800000000000001	0.0	0.0	4.8012039276333325e-05	5.761444713160004e-05
6.9	0.0	0.0	2.1019882197166664e-05	2.522385863660002e-05
7.0	0.0	0.0	0.0	0.0
7.1	0.0	0.0	0.0	0.0
7.2	0.0	0.0	0.0	0.0
7.300000000000001	0.0	0.0	0.0	0.0
7.4	0.0	0.0	0.0	0.0
7.5	0.0	0.0	0.0	0.0
7.6	0.0	0.0	0.0	0.0
7.7	0.0	0.0	0.0	0.0
7.800000000000001	0.0	0.0	0.0	0.0
7.9	0.0	0.0	0.0	0.0
8.0	0.0	0.0	0.0	0.0
8.100000000000001	0.0	0.0	0.0	0.0
8.2	0.0	0.0	0.0	0.0
8.3	0.0	0.0	0.0	0.0
8.4	0.0	0.0	0.0	0.0
8.5	0.0	0.0	0.0	0.0
8.600000000000001	0.0	0.0	0.0	0.0
8.7	0.0	0.0	0.0	0.0
8.8	0.0	0.0	0.0	0.0
8.9	0.0	0.0	0.0	0.0
9.0	0.0	0.0	0.0	0.0
9.100000000000001	0.0	0.0	0.0	0.0
9.2	0.0	0.0	0.0	0.0
9.3	0.0	0.0	0.0	0.0
9.4	0.0	0.0	0.0	0.0
9.5	0.0	0.0	0.0	0.0
9.600000000000001	0.0	0.0	0.0	0.0
9.7	0.0	0.0	0.0	0.0
9.8	0.0	0.0	0.0	0.0
9.9	0.0	0.0	0.0	0.0
