4.0	0.0035010492339091633	0.0035010492339091633	0.0035010492339091633	0.0035010492339091633
4.1	0.0035010492339091633	0.0035010492339091633	0.0035010492339091633	0.0035010492339091633
4.2	0.0035010492339091633	0.0035010492339091633	0.0035010492339091633	0.0035010492339091633
4.3	0.0035010492339091633	0.0035010492339091633	0.0035010492339091633	0.0035010492339091633
4.4	0.0035010492339091633	0.0035010492339091633	0.0035010492339091633	0.0035010492339091633
4.5	0.0035010492339091633	0.0035010492339091633	0.0035010492339091633	0.0035010492339091633
4.6	0.0035010492339091633	0.0035010492339091633	0.0035010492339091633	0.0035010492339091633
4.7	0.0035010492339091633	0.0035010492339091633	0.0035010492339091633	0.0035010492339091633
4.8	0.0035010492339091633	0.0035010492339091633	0.0035010492339091633	0.0035010492339091633
4.9	0.0035010492339091633	0.0035010492339091633	0.0035010492339091633	0.0035010492339091633
5.0	0.0035010492339091633	0.0035010492339091633	0.0035010492339091633	0.0035010492339091633
5.1	0.0035010492339091633	0.0035010492339091633	0.0035010492339091633	0.0035010492339091633
5.2	0.0035010492339091633	0.0035010492339091633	0.0035010492339091633	0.0035010492339091633
5.3	0.0035010492339091633	0.0035010492339091633	0.0035010492339091633	0.0035010492339091633
5.4	0.0035010492339091633	0.0035010492339091633	0.0035010492339091633	0.0035010492339091633
5.5	0.0035010492339091633	0.0035010492339091633	0.0035010492339091633	0.0035010492339091633
5.6	0.0019101308994532741	0.0019101308994532741	0.0019101308994532741	0.0019101308994532741
5.7	0.0011839741562862116	0.0011839741562862116	0.0011839741562862116	0.0011839741562862116
5.8	0.0008272658588509851	0.0008272658588509851	0.0008272658588509851	0.0008272658588509851
5.9	0.0005895904372753495	0.0005895904372753495	0.0005895904372753495	0.0005895904372753495
6.0	0.0005895904372753496	0.0005895904372753496	0.0005895904372753496	0.0005895904372753496
6.1	0.0003178481949637816	0.0003178481949637816	0.0003178481949637816	0.0003178481949637816
6.2	0.0003178481949637815	0.0003178481949637815	0.0003178481949637815	0.0003178481949637815
6.300000000000001	0.0003178481949637816	0.0003178481949637816	0.0003178481949637816	0.0003178481949637816
6.4	0.0002557709902836789	0.0002557709902836789	0.0002557709902836789	0.0002557709902836789
6.5	0.00019218766933783214	0.00019218766933783214	0.00019218766933783214	0.00019218766933783214
6.6	0.0001703428612101123	0.0001703428612101123	0.0001703428612101123	0.0001703428612101123
6.7	0.00017034286121011231	0.00017034286121011231	0.00017034286121011231	0.00017034286121011231
6.800000000000001	0.0001265495053915102	0.0001265495053915102	0.0001265495053915102	0.0001265495053915102
6.9	9.913730991882916e-05	9.913730991882916e-05	9.913730991882916e-05	9.913730991882916e-05
7.0	8.090710400993368e-05	8.090710400993368e-05	8.090710400993368e-05	8.090710400993368e-05
7.1	4.9058432953263054e-05	4.9058432953263054e-05	4.9058432953263054e-05	4.9058432953263054e-05
7.2	4.9058432953263054e-05	4.9058432953263054e-05	4.9058432953263054e-05	4.9058432953263054e-05
7.300000000000001	3.385339613793696e-05	3.385339613793696e-05	3.385339613793696e-05	3.385339613793696e-05
7.4	3.212678112376624e-05	3.212678112376624e-05	3.212678112376624e-05	3.212678112376624e-05
7.5	2.0124336464278557e-05	2.0124336464278557e-05	2.0124336464278557e-05	2.0124336464278557e-05
7.6	1.4371281455109461e-05	1.4371281455109461e-05	1.4371281455109461e-05	1.4371281455109461e-05
7.7	7.853307049124801e-06	7.853307049124801e-06	7.853307049124801e-06	7.853307049124801e-06
7.800000000000001	0.0	0.0	0.0	0.0
7.9	0.0	0.0	0.0	0.0
8.0	0.0	0.0	0.0	0.0
8.100000000000001	0.0	0.0	0.0	0.0
8.2	0.0	0.0	0.0	0.0
8.3	0.0	0.0	0.0	0.0
8.4	0.0	0.0	0.0	0.0
8.5	0.0	0.0	0.0	0.0
8.600000000000001	0.0	0.0	0.0	0.0
8.7	0.0	0.0	0.0	0.0
8.8	0.0	0.0	0.0	0.0
8.9	0.0	0.0	0.0	0.0
9.0	0.0	0.0	0.0	0.0
9.100000000000001	0.0	0.0	0.0	0.0
9.2	0.0	0.0	0.0	0.0
9.3	0.0	0.0	0.0	0.0
9.4	0.0	0.0	0.0	0.0
9.5	0.0	0.0	0.0	0.0
9.600000000000001	0.0	0.0	0.0	0.0
9.7	0.0	0.0	0.0	0.0
9.8	0.0	0.0	0.0	0.0
9.9	0.0	0.0	0.0	0.0
