4.0	0.0014729756688501685	0.0014729756688501685	0.0014729756688501685	0.0014729756688501685
4.1	0.0014729756688501685	0.0014729756688501685	0.0014729756688501685	0.0014729756688501685
4.2	0.0014729756688501685	0.0014729756688501685	0.0014729756688501685	0.0014729756688501685
4.3	0.0014729756688501685	0.0014729756688501685	0.0014729756688501685	0.0014729756688501685
4.4	0.0014729756688501685	0.0014729756688501685	0.0014729756688501685	0.0014729756688501685
4.5	0.0014729756688501685	0.0014729756688501685	0.0014729756688501685	0.0014729756688501685
4.6	0.0014729756688501685	0.0014729756688501685	0.0014729756688501685	0.0014729756688501685
4.7	0.0014729756688501685	0.0014729756688501685	0.0014729756688501685	0.0014729756688501685
4.8	0.0014729756688501685	0.0014729756688501685	0.0014729756688501685	0.0014729756688501685
4.9	0.0014729756688501685	0.0014729756688501685	0.0014729756688501685	0.0014729756688501685
5.0	0.0014729756688501685	0.0014729756688501685	0.0014729756688501685	0.0014729756688501685
5.1	0.0014729756688501685	0.0014729756688501685	0.0014729756688501685	0.0014729756688501685
5.2	0.0014729756688501685	0.0014729756688501685	0.0014729756688501685	0.0014729756688501685
5.3	0.0014729756688501685	0.0014729756688501685	0.0014729756688501685	0.0014729756688501685
5.4	0.0014729756688501685	0.0014729756688501685	0.0014729756688501685	0.0014729756688501685
5.5	0.0014729756688501685	0.0014729756688501685	0.0014729756688501685	0.0014729756688501685
5.6	0.0009974469118662745	0.0009974469118662745	0.0009974469118662745	0.0009974469118662745
5.7	0.0009503161108258495	0.0009503161108258495	0.0009503161108258495	0.0009503161108258495
5.8	0.0009503161108258495	0.0009503161108258495	0.0009503161108258495	0.0009503161108258495
5.9	0.0008693286052529762	0.0008693286052529762	0.0008693286052529762	0.0008693286052529762
6.0	0.0006352116556907269	0.0006352116556907269	0.0006352116556907269	0.0006352116556907269
6.1	0.0006352116556907269	0.0006352116556907269	0.0006352116556907269	0.0006352116556907269
6.2	0.0005047048141978367	0.0005047048141978367	0.0005047048141978367	0.0005047048141978367
6.300000000000001	0.0005047048141978367	0.0005047048141978367	0.0005047048141978367	0.0005047048141978367
6.4	0.0005047048141978367	0.0005047048141978367	0.0005047048141978367	0.0005047048141978367
6.5	0.00042653760544847846	0.00042653760544847846	0.00042653760544847846	0.00042653760544847846
6.6	0.00041721433086561605	0.00041721433086561605	0.00041721433086561605	0.00041721433086561605
6.7	0.0003356576250798435	0.0003356576250798435	0.0003356576250798435	0.0003356576250798435
6.800000000000001	0.0002894031470771575	0.0002894031470771575	0.0002894031470771575	0.0002894031470771575
6.9	0.00022756511930603084	0.00022756511930603084	0.00022756511930603084	0.00022756511930603084
7.0	0.000172598646853459	0.000172598646853459	0.000172598646853459	0.000172598646853459
7.1	0.0001483395345989894	0.0001483395345989894	0.0001483395345989894	0.0001483395345989894
7.2	0.00013854217497105833	0.00013854217497105833	0.00013854217497105833	0.00013854217497105833
7.300000000000001	0.0001285642970404129	0.0001285642970404129	0.0001285642970404129	0.0001285642970404129
7.4	0.00012209931109102696	0.00012209931109102696	0.00012209931109102696	0.00012209931109102696
7.5	0.00010576356507564471	0.00010576356507564471	0.00010576356507564471	0.00010576356507564471
7.6	8.218508088734326e-05	8.218508088734326e-05	8.218508088734326e-05	8.218508088734326e-05
7.7	7.158564375521156e-05	7.158564375521156e-05	7.158564375521156e-05	7.158564375521156e-05
7.800000000000001	6.195228230580388e-05	6.195228230580388e-05	6.195228230580388e-05	6.195228230580388e-05
7.9	5.012605475265629e-05	5.012605475265629e-05	5.012605475265629e-05	5.012605475265629e-05
8.0	3.634161706775953e-05	3.634161706775953e-05	3.634161706775953e-05	3.634161706775953e-05
8.100000000000001	1.8589398050102185e-05	1.8589398050102185e-05	1.8589398050102185e-05	1.8589398050102185e-05
8.2	0.0	0.0	0.0	0.0
8.3	0.0	0.0	0.0	0.0
8.4	0.0	0.0	0.0	0.0
8.5	0.0	0.0	0.0	0.0
8.600000000000001	0.0	0.0	0.0	0.0
8.7	0.0	0.0	0.0	0.0
8.8	0.0	0.0	0.0	0.0
8.9	0.0	0.0	0.0	0.0
9.0	0.0	0.0	0.0	0.0
9.100000000000001	0.0	0.0	0.0	0.0
9.2	0.0	0.0	0.0	0.0
9.3	0.0	0.0	0.0	0.0
9.4	0.0	0.0	0.0	0.0
9.5	0.0	0.0	0.0	0.0
9.600000000000001	0.0	0.0	0.0	0.0
9.7	0.0	0.0	0.0	0.0
9.8	0.0	0.0	0.0	0.0
9.9	0.0	0.0	0.0	0.0
