4.0	0.00025543979722109946	0.00025543979722109946	0.00025543979722109946	0.00025543979722109946
4.1	0.00025543979722109946	0.00025543979722109946	0.00025543979722109946	0.00025543979722109946
4.2	0.00025543979722109946	0.00025543979722109946	0.00025543979722109946	0.00025543979722109946
4.3	0.00025543979722109946	0.00025543979722109946	0.00025543979722109946	0.00025543979722109946
4.4	0.00025543979722109946	0.00025543979722109946	0.00025543979722109946	0.00025543979722109946
4.5	0.00025543979722109946	0.00025543979722109946	0.00025543979722109946	0.00025543979722109946
4.6	0.00025543979722109946	0.00025543979722109946	0.00025543979722109946	0.00025543979722109946
4.7	0.00025543979722109946	0.00025543979722109946	0.00025543979722109946	0.00025543979722109946
4.8	0.00025543979722109946	0.00025543979722109946	0.00025543979722109946	0.00025543979722109946
4.9	0.00025543979722109946	0.00025543979722109946	0.00025543979722109946	0.00025543979722109946
5.0	0.00025543979722109946	0.00025543979722109946	0.00025543979722109946	0.00025543979722109946
5.1	0.00025543979722109946	0.00025543979722109946	0.00025543979722109946	0.00025543979722109946
5.2	0.00025543979722109946	0.00025543979722109946	0.00025543979722109946	0.00025543979722109946
5.3	0.00025543979722109946	0.00025543979722109946	0.00025543979722109946	0.00025543979722109946
5.4	0.00025543979722109946	0.00025543979722109946	0.00025543979722109946	0.00025543979722109946
5.5	0.00025543979722109946	0.00025543979722109946	0.00025543979722109946	0.00025543979722109946
5.6	0.00025543979722109946	0.00025543979722109946	0.00025543979722109946	0.00025543979722109946
5.7	0.00019812616517599362	0.00019812616517599362	0.00019812616517599362	0.00019812616517599362
5.8	0.00019812616517599362	0.00019812616517599362	0.00019812616517599362	0.00019812616517599362
5.9	0.00019812616517599362	0.00019812616517599362	0.00019812616517599362	0.00019812616517599362
6.0	0.00019812616517599362	0.00019812616517599362	0.00019812616517599362	0.00019812616517599362
6.1	0.00019812616517599362	0.00019812616517599362	0.00019812616517599362	0.00019812616517599362
6.2	0.00019812616517599362	0.00019812616517599362	0.00019812616517599362	0.00019812616517599362
6.300000000000001	0.0001697457539652971	0.0001697457539652971	0.0001697457539652971	0.0001697457539652971
6.4	0.0001697457539652971	0.0001697457539652971	0.0001697457539652971	0.0001697457539652971
6.5	0.0001697457539652971	0.0001697457539652971	0.0001697457539652971	0.0001697457539652971
6.6	0.0001697457539652971	0.0001697457539652971	0.0001697457539652971	0.0001697457539652971
6.7	0.0001697457539652971	0.0001697457539652971	0.0001697457539652971	0.0001697457539652971
6.800000000000001	0.00016950759556750368	0.00016950759556750368	0.00016950759556750368	0.00016950759556750368
6.9	0.00016572241833125165	0.00016572241833125165	0.00016572241833125165	0.00016572241833125165
7.0	0.00016525116475705437	0.00016525116475705437	0.00016525116475705437	0.00016525116475705437
7.1	0.00015839383671615947	0.00015839383671615947	0.00015839383671615947	0.00015839383671615947
7.2	0.00015828102010895218	0.00015828102010895218	0.00015828102010895218	0.00015828102010895218
7.300000000000001	0.00013894551500578692	0.00013894551500578692	0.00013894551500578692	0.00013894551500578692
7.4	0.00013181773189641576	0.00013181773189641576	0.00013181773189641576	0.00013181773189641576
7.5	0.00011369541900660731	0.00011369541900660731	0.00011369541900660731	0.00011369541900660731
7.6	9.940897061784931e-05	9.940897061784931e-05	9.940897061784931e-05	9.940897061784931e-05
7.7	9.41214134487209e-05	9.41214134487209e-05	9.41214134487209e-05	9.41214134487209e-05
7.800000000000001	6.88128916268243e-05	6.88128916268243e-05	6.88128916268243e-05	6.88128916268243e-05
7.9	5.054402167379327e-05	5.054402167379327e-05	5.054402167379327e-05	5.054402167379327e-05
8.0	3.6725706983672734e-05	3.6725706983672734e-05	3.6725706983672734e-05	3.6725706983672734e-05
8.100000000000001	1.3681057189605163e-05	1.3681057189605163e-05	1.3681057189605163e-05	1.3681057189605163e-05
8.2	4.361304004124894e-06	4.361304004124894e-06	4.361304004124894e-06	4.361304004124894e-06
8.3	8.670169649446352e-07	8.670169649446352e-07	8.670169649446352e-07	8.670169649446352e-07
8.4	0.0	0.0	0.0	0.0
8.5	0.0	0.0	0.0	0.0
8.600000000000001	0.0	0.0	0.0	0.0
8.7	0.0	0.0	0.0	0.0
8.8	0.0	0.0	0.0	0.0
8.9	0.0	0.0	0.0	0.0
9.0	0.0	0.0	0.0	0.0
9.100000000000001	0.0	0.0	0.0	0.0
9.2	0.0	0.0	0.0	0.0
9.3	0.0	0.0	0.0	0.0
9.4	0.0	0.0	0.0	0.0
9.5	0.0	0.0	0.0	0.0
9.600000000000001	0.0	0.0	0.0	0.0
9.7	0.0	0.0	0.0	0.0
9.8	0.0	0.0	0.0	0.0
9.9	0.0	0.0	0.0	0.0
