4.0	0.004676643002532082	0.004676643002532082	0.004676643002532082	0.004676643002532082
4.1	0.004676643002532082	0.004676643002532082	0.004676643002532082	0.004676643002532082
4.2	0.004676643002532082	0.004676643002532082	0.004676643002532082	0.004676643002532082
4.3	0.004676643002532082	0.004676643002532082	0.004676643002532082	0.004676643002532082
4.4	0.004676643002532082	0.004676643002532082	0.004676643002532082	0.004676643002532082
4.5	0.004676643002532082	0.004676643002532082	0.004676643002532082	0.004676643002532082
4.6	0.004676643002532082	0.004676643002532082	0.004676643002532082	0.004676643002532082
4.7	0.004676643002532082	0.004676643002532082	0.004676643002532082	0.004676643002532082
4.8	0.004676643002532082	0.004676643002532082	0.004676643002532082	0.004676643002532082
4.9	0.004676643002532082	0.004676643002532082	0.004676643002532082	0.004676643002532082
5.0	0.004676643002532082	0.004676643002532082	0.004676643002532082	0.004676643002532082
5.1	0.004676643002532082	0.004676643002532082	0.004676643002532082	0.004676643002532082
5.2	0.004676643002532082	0.004676643002532082	0.004676643002532082	0.004676643002532082
5.3	0.004676643002532082	0.004676643002532082	0.004676643002532082	0.004676643002532082
5.4	0.004676643002532082	0.004676643002532082	0.004676643002532082	0.004676643002532082
5.5	0.004676643002532082	0.004676643002532082	0.004676643002532082	0.004676643002532082
5.6	0.004676643002532082	0.004676643002532082	0.004676643002532082	0.004676643002532082
5.7	0.004676643002532082	0.004676643002532082	0.004676643002532082	0.004676643002532082
5.8	0.0037325403401759927	0.0037325403401759927	0.0037325403401759927	0.0037325403401759927
5.9	0.002649128457369475	0.002649128457369475	0.002649128457369475	0.002649128457369475
6.0	0.002649128457369475	0.002649128457369475	0.002649128457369475	0.002649128457369475
6.1	0.002649128457369475	0.002649128457369475	0.002649128457369475	0.002649128457369475
6.2	0.002498042316454619	0.002498042316454619	0.002498042316454619	0.002498042316454619
6.300000000000001	0.0022421487652397685	0.0022421487652397685	0.0022421487652397685	0.0022421487652397685
6.4	0.001927756841676625	0.001927756841676625	0.001927756841676625	0.001927756841676625
6.5	0.0016760057011236359	0.0016760057011236359	0.0016760057011236359	0.0016760057011236359
6.6	0.0015386130289426149	0.0015386130289426149	0.0015386130289426149	0.0015386130289426149
6.7	0.0013190137093308494	0.0013190137093308494	0.0013190137093308494	0.0013190137093308494
6.800000000000001	0.0012564983374023554	0.0012564983374023554	0.0012564983374023554	0.0012564983374023554
6.9	0.0010755658014264663	0.0010755658014264663	0.0010755658014264663	0.0010755658014264663
7.0	0.0010114860410546352	0.0010114860410546352	0.0010114860410546352	0.0010114860410546352
7.1	0.0006761511245264299	0.0006761511245264299	0.0006761511245264299	0.0006761511245264299
7.2	0.0005297495599507147	0.0005297495599507147	0.0005297495599507147	0.0005297495599507147
7.300000000000001	0.0003055850005152061	0.0003055850005152061	0.0003055850005152061	0.0003055850005152061
7.4	0.0001758407781862417	0.0001758407781862417	0.0001758407781862417	0.0001758407781862417
7.5	8.090367563303285e-05	8.090367563303285e-05	8.090367563303285e-05	8.090367563303285e-05
7.6	3.0025992710279646e-05	3.0025992710279646e-05	3.0025992710279646e-05	3.0025992710279646e-05
7.7	0.0	0.0	0.0	0.0
7.800000000000001	0.0	0.0	0.0	0.0
7.9	0.0	0.0	0.0	0.0
8.0	0.0	0.0	0.0	0.0
8.100000000000001	0.0	0.0	0.0	0.0
8.2	0.0	0.0	0.0	0.0
8.3	0.0	0.0	0.0	0.0
8.4	0.0	0.0	0.0	0.0
8.5	0.0	0.0	0.0	0.0
8.600000000000001	0.0	0.0	0.0	0.0
8.7	0.0	0.0	0.0	0.0
8.8	0.0	0.0	0.0	0.0
8.9	0.0	0.0	0.0	0.0
9.0	0.0	0.0	0.0	0.0
9.100000000000001	0.0	0.0	0.0	0.0
9.2	0.0	0.0	0.0	0.0
9.3	0.0	0.0	0.0	0.0
9.4	0.0	0.0	0.0	0.0
9.5	0.0	0.0	0.0	0.0
9.600000000000001	0.0	0.0	0.0	0.0
9.7	0.0	0.0	0.0	0.0
9.8	0.0	0.0	0.0	0.0
9.9	0.0	0.0	0.0	0.0
