4.0	0.007264846265940129	0.007264846265940129	0.007264846265940129	0.007264846265940129
4.1	0.007264846265940129	0.007264846265940129	0.007264846265940129	0.007264846265940129
4.2	0.007264846265940129	0.007264846265940129	0.007264846265940129	0.007264846265940129
4.3	0.007264846265940127	0.007264846265940127	0.007264846265940127	0.007264846265940127
4.4	0.007264846265940129	0.007264846265940129	0.007264846265940129	0.007264846265940129
4.5	0.007264846265940129	0.007264846265940129	0.007264846265940129	0.007264846265940129
4.6	0.007264846265940129	0.007264846265940129	0.007264846265940129	0.007264846265940129
4.7	0.007264846265940127	0.007264846265940127	0.007264846265940127	0.007264846265940127
4.8	0.007264846265940129	0.007264846265940129	0.007264846265940129	0.007264846265940129
4.9	0.007264846265940129	0.007264846265940129	0.007264846265940129	0.007264846265940129
5.0	0.007264846265940129	0.007264846265940129	0.007264846265940129	0.007264846265940129
5.1	0.007264846265940127	0.007264846265940127	0.007264846265940127	0.007264846265940127
5.2	0.007264846265940129	0.007264846265940129	0.007264846265940129	0.007264846265940129
5.3	0.007264846265940129	0.007264846265940129	0.007264846265940129	0.007264846265940129
5.4	0.007264846265940129	0.007264846265940129	0.007264846265940129	0.007264846265940129
5.5	0.007264846265940127	0.007264846265940127	0.007264846265940127	0.007264846265940127
5.6	0.007264846265940129	0.007264846265940129	0.007264846265940129	0.007264846265940129
5.7	0.007264846265940129	0.007264846265940129	0.007264846265940129	0.007264846265940129
5.8	0.0063637777019125924	0.0063637777019125924	0.0063637777019125924	0.0063637777019125924
5.9	0.0038121469365351313	0.0038121469365351313	0.0038121469365351313	0.0038121469365351313
6.0	0.0038121469365351313	0.0038121469365351313	0.0038121469365351313	0.0038121469365351313
6.1	0.003026570866890509	0.003026570866890509	0.003026570866890509	0.003026570866890509
6.2	0.0022440874100884793	0.0022440874100884793	0.0022440874100884793	0.0022440874100884793
6.300000000000001	0.001951085961047381	0.001951085961047381	0.001951085961047381	0.001951085961047381
6.4	0.0018279249087762963	0.0018279249087762963	0.0018279249087762963	0.0018279249087762963
6.5	0.0015915904661755157	0.0015915904661755157	0.0015915904661755157	0.0015915904661755157
6.6	0.0014681369720187791	0.0014681369720187791	0.0014681369720187791	0.0014681369720187791
6.7	0.001372688740403943	0.001372688740403943	0.001372688740403943	0.001372688740403943
6.800000000000001	0.0012082359815349531	0.0012082359815349531	0.0012082359815349531	0.0012082359815349531
6.9	0.0010968859823189256	0.0010968859823189256	0.0010968859823189256	0.0010968859823189256
7.0	0.0008768458715420978	0.0008768458715420978	0.0008768458715420978	0.0008768458715420978
7.1	0.0006954452384209144	0.0006954452384209144	0.0006954452384209144	0.0006954452384209144
7.2	0.000542074804250889	0.000542074804250889	0.000542074804250889	0.000542074804250889
7.300000000000001	0.00046234657630355586	0.00046234657630355586	0.00046234657630355586	0.00046234657630355586
7.4	0.00030826684202704837	0.00030826684202704837	0.00030826684202704837	0.00030826684202704837
7.5	0.00021184741699191648	0.00021184741699191648	0.00021184741699191648	0.00021184741699191648
7.6	8.92104992035214e-05	8.92104992035214e-05	8.92104992035214e-05	8.92104992035214e-05
7.7	5.22815171630471e-05	5.22815171630471e-05	5.22815171630471e-05	5.22815171630471e-05
7.800000000000001	0.0	0.0	0.0	0.0
7.9	0.0	0.0	0.0	0.0
8.0	0.0	0.0	0.0	0.0
8.100000000000001	0.0	0.0	0.0	0.0
8.2	0.0	0.0	0.0	0.0
8.3	0.0	0.0	0.0	0.0
8.4	0.0	0.0	0.0	0.0
8.5	0.0	0.0	0.0	0.0
8.600000000000001	0.0	0.0	0.0	0.0
8.7	0.0	0.0	0.0	0.0
8.8	0.0	0.0	0.0	0.0
8.9	0.0	0.0	0.0	0.0
9.0	0.0	0.0	0.0	0.0
9.100000000000001	0.0	0.0	0.0	0.0
9.2	0.0	0.0	0.0	0.0
9.3	0.0	0.0	0.0	0.0
9.4	0.0	0.0	0.0	0.0
9.5	0.0	0.0	0.0	0.0
9.600000000000001	0.0	0.0	0.0	0.0
9.7	0.0	0.0	0.0	0.0
9.8	0.0	0.0	0.0	0.0
9.9	0.0	0.0	0.0	0.0
