4.0	0.003492627718541693	0.003492627718541693	0.003492627718541693	0.003492627718541693
4.1	0.003492627718541693	0.003492627718541693	0.003492627718541693	0.003492627718541693
4.2	0.003492627718541693	0.003492627718541693	0.003492627718541693	0.003492627718541693
4.3	0.003492627718541693	0.003492627718541693	0.003492627718541693	0.003492627718541693
4.4	0.003492627718541693	0.003492627718541693	0.003492627718541693	0.003492627718541693
4.5	0.003492627718541693	0.003492627718541693	0.003492627718541693	0.003492627718541693
4.6	0.003492627718541693	0.003492627718541693	0.003492627718541693	0.003492627718541693
4.7	0.003492627718541693	0.003492627718541693	0.003492627718541693	0.003492627718541693
4.8	0.003492627718541693	0.003492627718541693	0.003492627718541693	0.003492627718541693
4.9	0.003492627718541693	0.003492627718541693	0.003492627718541693	0.003492627718541693
5.0	0.003492627718541693	0.003492627718541693	0.003492627718541693	0.003492627718541693
5.1	0.003492627718541693	0.003492627718541693	0.003492627718541693	0.003492627718541693
5.2	0.003492627718541693	0.003492627718541693	0.003492627718541693	0.003492627718541693
5.3	0.003492627718541693	0.003492627718541693	0.003492627718541693	0.003492627718541693
5.4	0.003492627718541693	0.003492627718541693	0.003492627718541693	0.003492627718541693
5.5	0.003492627718541693	0.003492627718541693	0.003492627718541693	0.003492627718541693
5.6	0.003492627718541693	0.003492627718541693	0.003492627718541693	0.003492627718541693
5.7	0.003492627718541693	0.003492627718541693	0.003492627718541693	0.003492627718541693
5.8	0.002843399756518806	0.002843399756518806	0.002843399756518806	0.002843399756518806
5.9	0.0028433997565188054	0.0028433997565188054	0.0028433997565188054	0.0028433997565188054
6.0	0.0017128962736751652	0.0017128962736751652	0.0017128962736751652	0.0017128962736751652
6.1	0.0012078877315728138	0.0012078877315728138	0.0012078877315728138	0.0012078877315728138
6.2	0.0008440968057720817	0.0008440968057720817	0.0008440968057720817	0.0008440968057720817
6.300000000000001	0.0005687908808806063	0.0005687908808806063	0.0005687908808806063	0.0005687908808806063
6.4	0.00038017636254877076	0.00038017636254877076	0.00038017636254877076	0.00038017636254877076
6.5	0.00019471962209506808	0.00019471962209506808	0.00019471962209506808	0.00019471962209506808
6.6	0.00015270576046632486	0.00015270576046632486	0.00015270576046632486	0.00015270576046632486
6.7	0.0001527057604663249	0.0001527057604663249	0.0001527057604663249	0.0001527057604663249
6.800000000000001	0.00015270576046632486	0.00015270576046632486	0.00015270576046632486	0.00015270576046632486
6.9	8.01614797665479e-05	8.01614797665479e-05	8.01614797665479e-05	8.01614797665479e-05
7.0	5.606079212957995e-05	5.606079212957995e-05	5.606079212957995e-05	5.606079212957995e-05
7.1	0.0	0.0	0.0	0.0
7.2	0.0	0.0	0.0	0.0
7.300000000000001	0.0	0.0	0.0	0.0
7.4	0.0	0.0	0.0	0.0
7.5	0.0	0.0	0.0	0.0
7.6	0.0	0.0	0.0	0.0
7.7	0.0	0.0	0.0	0.0
7.800000000000001	0.0	0.0	0.0	0.0
7.9	0.0	0.0	0.0	0.0
8.0	0.0	0.0	0.0	0.0
8.100000000000001	0.0	0.0	0.0	0.0
8.2	0.0	0.0	0.0	0.0
8.3	0.0	0.0	0.0	0.0
8.4	0.0	0.0	0.0	0.0
8.5	0.0	0.0	0.0	0.0
8.600000000000001	0.0	0.0	0.0	0.0
8.7	0.0	0.0	0.0	0.0
8.8	0.0	0.0	0.0	0.0
8.9	0.0	0.0	0.0	0.0
9.0	0.0	0.0	0.0	0.0
9.100000000000001	0.0	0.0	0.0	0.0
9.2	0.0	0.0	0.0	0.0
9.3	0.0	0.0	0.0	0.0
9.4	0.0	0.0	0.0	0.0
9.5	0.0	0.0	0.0	0.0
9.600000000000001	0.0	0.0	0.0	0.0
9.7	0.0	0.0	0.0	0.0
9.8	0.0	0.0	0.0	0.0
9.9	0.0	0.0	0.0	0.0
