4.0	0.007263840074682521	0.007263840074682521	0.007263840074682521	0.007263840074682521
4.1	0.00726384007468252	0.00726384007468252	0.00726384007468252	0.00726384007468252
4.2	0.007263840074682521	0.007263840074682521	0.007263840074682521	0.007263840074682521
4.3	0.007263840074682521	0.007263840074682521	0.007263840074682521	0.007263840074682521
4.4	0.007263840074682521	0.007263840074682521	0.007263840074682521	0.007263840074682521
4.5	0.00726384007468252	0.00726384007468252	0.00726384007468252	0.00726384007468252
4.6	0.007263840074682521	0.007263840074682521	0.007263840074682521	0.007263840074682521
4.7	0.007263840074682521	0.007263840074682521	0.007263840074682521	0.007263840074682521
4.8	0.007263840074682521	0.007263840074682521	0.007263840074682521	0.007263840074682521
4.9	0.00726384007468252	0.00726384007468252	0.00726384007468252	0.00726384007468252
5.0	0.007263840074682521	0.007263840074682521	0.007263840074682521	0.007263840074682521
5.1	0.007263840074682521	0.007263840074682521	0.007263840074682521	0.007263840074682521
5.2	0.007263840074682521	0.007263840074682521	0.007263840074682521	0.007263840074682521
5.3	0.00726384007468252	0.00726384007468252	0.00726384007468252	0.00726384007468252
5.4	0.007263840074682521	0.007263840074682521	0.007263840074682521	0.007263840074682521
5.5	0.007263840074682521	0.007263840074682521	0.007263840074682521	0.007263840074682521
5.6	0.007263840074682521	0.007263840074682521	0.007263840074682521	0.007263840074682521
5.7	0.00726384007468252	0.00726384007468252	0.00726384007468252	0.00726384007468252
5.8	0.007263840074682521	0.007263840074682521	0.007263840074682521	0.007263840074682521
5.9	0.004809121054642417	0.004809121054642417	0.004809121054642417	0.004809121054642417
6.0	0.004809121054642417	0.004809121054642417	0.004809121054642417	0.004809121054642417
6.1	0.004122663914831311	0.004122663914831311	0.004122663914831311	0.004122663914831311
6.2	0.00412266391483131	0.00412266391483131	0.00412266391483131	0.00412266391483131
6.300000000000001	0.00412266391483131	0.00412266391483131	0.00412266391483131	0.00412266391483131
6.4	0.0038949155866173165	0.0038949155866173165	0.0038949155866173165	0.0038949155866173165
6.5	0.0032678965410520852	0.0032678965410520852	0.0032678965410520852	0.0032678965410520852
6.6	0.0030919236860733413	0.0030919236860733413	0.0030919236860733413	0.0030919236860733413
6.7	0.002897759644030583	0.002897759644030583	0.002897759644030583	0.002897759644030583
6.800000000000001	0.002345138456682739	0.002345138456682739	0.002345138456682739	0.002345138456682739
6.9	0.0022133529190029432	0.0022133529190029432	0.0022133529190029432	0.0022133529190029432
7.0	0.0015691349780795928	0.0015691349780795928	0.0015691349780795928	0.0015691349780795928
7.1	0.0011492948604523807	0.0011492948604523807	0.0011492948604523807	0.0011492948604523807
7.2	0.0008829503724775198	0.0008829503724775198	0.0008829503724775198	0.0008829503724775198
7.300000000000001	0.0007247048327198619	0.0007247048327198619	0.0007247048327198619	0.0007247048327198619
7.4	0.0006062194049464068	0.0006062194049464068	0.0006062194049464068	0.0006062194049464068
7.5	0.0004544006813635395	0.0004544006813635395	0.0004544006813635395	0.0004544006813635395
7.6	0.0002826116973431366	0.0002826116973431366	0.0002826116973431366	0.0002826116973431366
7.7	0.00014639402189474813	0.00014639402189474813	0.00014639402189474813	0.00014639402189474813
7.800000000000001	4.3199830336221835e-05	4.3199830336221835e-05	4.3199830336221835e-05	4.3199830336221835e-05
7.9	3.067129057856524e-05	3.067129057856524e-05	3.067129057856524e-05	3.067129057856524e-05
8.0	2.1183427135627673e-05	2.1183427135627673e-05	2.1183427135627673e-05	2.1183427135627673e-05
8.100000000000001	3.7189440749858996e-08	3.7189440749858996e-08	3.7189440749858996e-08	3.7189440749858996e-08
8.2	0.0	0.0	0.0	0.0
8.3	0.0	0.0	0.0	0.0
8.4	0.0	0.0	0.0	0.0
8.5	0.0	0.0	0.0	0.0
8.600000000000001	0.0	0.0	0.0	0.0
8.7	0.0	0.0	0.0	0.0
8.8	0.0	0.0	0.0	0.0
8.9	0.0	0.0	0.0	0.0
9.0	0.0	0.0	0.0	0.0
9.100000000000001	0.0	0.0	0.0	0.0
9.2	0.0	0.0	0.0	0.0
9.3	0.0	0.0	0.0	0.0
9.4	0.0	0.0	0.0	0.0
9.5	0.0	0.0	0.0	0.0
9.600000000000001	0.0	0.0	0.0	0.0
9.7	0.0	0.0	0.0	0.0
9.8	0.0	0.0	0.0	0.0
9.9	0.0	0.0	0.0	0.0
