4.0	0.3731975097126821	0.3731975097126821	0.3731975097126821	0.3731975097126821
4.1	0.3731975097126821	0.3731975097126821	0.3731975097126821	0.3731975097126821
4.2	0.3731975097126821	0.3731975097126821	0.3731975097126821	0.3731975097126821
4.3	0.3731975097126821	0.3731975097126821	0.3731975097126821	0.3731975097126821
4.4	0.3731975097126821	0.3731975097126821	0.3731975097126821	0.3731975097126821
4.5	0.3731975097126821	0.3731975097126821	0.3731975097126821	0.3731975097126821
4.6	0.3731975097126821	0.3731975097126821	0.3731975097126821	0.3731975097126821
4.7	0.3731975097126821	0.3731975097126821	0.3731975097126821	0.3731975097126821
4.8	0.3731975097126821	0.3731975097126821	0.3731975097126821	0.3731975097126821
4.9	0.3731975097126821	0.3731975097126821	0.3731975097126821	0.3731975097126821
5.0	0.3731975097126821	0.3731975097126821	0.3731975097126821	0.3731975097126821
5.1	0.3731975097126821	0.3731975097126821	0.3731975097126821	0.3731975097126821
5.2	0.3731975097126821	0.3731975097126821	0.3731975097126821	0.3731975097126821
5.3	0.3731975097126821	0.3731975097126821	0.3731975097126821	0.3731975097126821
5.4	0.3731975097126821	0.3731975097126821	0.3731975097126821	0.3731975097126821
5.5	0.3731975097126821	0.3731975097126821	0.3731975097126821	0.3731975097126821
5.6	0.3175421696939264	0.3175421696939264	0.3175421696939264	0.3175421696939264
5.7	0.2812007520951511	0.2812007520951511	0.2812007520951511	0.2812007520951511
5.8	0.21513214294919383	0.21513214294919383	0.21513214294919383	0.21513214294919383
5.9	0.1556508885368445	0.1556508885368445	0.1556508885368445	0.1556508885368445
6.0	0.13263096431761198	0.13263096431761198	0.13263096431761198	0.13263096431761198
6.1	0.10527017241769351	0.10527017241769351	0.10527017241769351	0.10527017241769351
6.2	0.09127582290181792	0.09127582290181792	0.09127582290181792	0.09127582290181792
6.300000000000001	0.07992149158428155	0.07992149158428155	0.07992149158428155	0.07992149158428155
6.4	0.07085486292522568	0.07085486292522568	0.07085486292522568	0.07085486292522568
6.5	0.05589168883258149	0.05589168883258149	0.05589168883258149	0.05589168883258149
6.6	0.045468640666767646	0.045468640666767646	0.045468640666767646	0.045468640666767646
6.7	0.036744541201330284	0.036744541201330284	0.036744541201330284	0.036744541201330284
6.800000000000001	0.032007960914135686	0.032007960914135686	0.032007960914135686	0.032007960914135686
6.9	0.024835191743619586	0.024835191743619586	0.024835191743619586	0.024835191743619586
7.0	0.018326107123815605	0.018326107123815605	0.018326107123815605	0.018326107123815605
7.1	0.014612532124577365	0.014612532124577365	0.014612532124577365	0.014612532124577365
7.2	0.011942260749514374	0.011942260749514374	0.011942260749514374	0.011942260749514374
7.300000000000001	0.009322660238074688	0.009322660238074688	0.009322660238074688	0.009322660238074688
7.4	0.007608302743412799	0.007608302743412799	0.007608302743412799	0.007608302743412799
7.5	0.005356659468220869	0.005356659468220869	0.005356659468220869	0.005356659468220869
7.6	0.003340487621493289	0.003340487621493289	0.003340487621493289	0.003340487621493289
7.7	0.0021143511117504288	0.0021143511117504288	0.0021143511117504288	0.0021143511117504288
7.800000000000001	0.0010597479796079182	0.0010597479796079182	0.0010597479796079182	0.0010597479796079182
7.9	0.0006127583328600802	0.0006127583328600802	0.0006127583328600802	0.0006127583328600802
8.0	0.00029058215120842914	0.00029058215120842914	0.00029058215120842914	0.00029058215120842914
8.100000000000001	0.0002041277402598646	0.0002041277402598646	0.0002041277402598646	0.0002041277402598646
8.2	0.00010055239161655278	0.00010055239161655278	0.00010055239161655278	0.00010055239161655278
8.3	3.8761917203668874e-05	3.8761917203668874e-05	3.8761917203668874e-05	3.8761917203668874e-05
8.4	0.0	0.0	0.0	0.0
8.5	0.0	0.0	0.0	0.0
8.600000000000001	0.0	0.0	0.0	0.0
8.7	0.0	0.0	0.0	0.0
8.8	0.0	0.0	0.0	0.0
8.9	0.0	0.0	0.0	0.0
9.0	0.0	0.0	0.0	0.0
9.100000000000001	0.0	0.0	0.0	0.0
9.2	0.0	0.0	0.0	0.0
9.3	0.0	0.0	0.0	0.0
9.4	0.0	0.0	0.0	0.0
9.5	0.0	0.0	0.0	0.0
9.600000000000001	0.0	0.0	0.0	0.0
9.7	0.0	0.0	0.0	0.0
9.8	0.0	0.0	0.0	0.0
9.9	0.0	0.0	0.0	0.0
