4.0	0.001738625697946483	0.001738625697946483	0.001738625697946483	0.001738625697946483
4.1	0.001738625697946483	0.001738625697946483	0.001738625697946483	0.001738625697946483
4.2	0.001738625697946483	0.001738625697946483	0.001738625697946483	0.001738625697946483
4.3	0.0017386256979464829	0.0017386256979464829	0.0017386256979464829	0.0017386256979464829
4.4	0.001738625697946483	0.001738625697946483	0.001738625697946483	0.001738625697946483
4.5	0.001738625697946483	0.001738625697946483	0.001738625697946483	0.001738625697946483
4.6	0.001738625697946483	0.001738625697946483	0.001738625697946483	0.001738625697946483
4.7	0.0017386256979464829	0.0017386256979464829	0.0017386256979464829	0.0017386256979464829
4.8	0.001738625697946483	0.001738625697946483	0.001738625697946483	0.001738625697946483
4.9	0.001738625697946483	0.001738625697946483	0.001738625697946483	0.001738625697946483
5.0	0.001738625697946483	0.001738625697946483	0.001738625697946483	0.001738625697946483
5.1	0.0017386256979464829	0.0017386256979464829	0.0017386256979464829	0.0017386256979464829
5.2	0.001738625697946483	0.001738625697946483	0.001738625697946483	0.001738625697946483
5.3	0.001738625697946483	0.001738625697946483	0.001738625697946483	0.001738625697946483
5.4	0.001738625697946483	0.001738625697946483	0.001738625697946483	0.001738625697946483
5.5	0.0017386256979464829	0.0017386256979464829	0.0017386256979464829	0.0017386256979464829
5.6	0.001738625697946483	0.001738625697946483	0.001738625697946483	0.001738625697946483
5.7	0.0015867654478778105	0.0015867654478778105	0.0015867654478778105	0.0015867654478778105
5.8	0.0015810491307680942	0.0015810491307680942	0.0015810491307680942	0.0015810491307680942
5.9	0.0011317229083869986	0.0011317229083869986	0.0011317229083869986	0.0011317229083869986
6.0	0.0010715747728876554	0.0010715747728876554	0.0010715747728876554	0.0010715747728876554
6.1	0.0008745128877353366	0.0008745128877353366	0.0008745128877353366	0.0008745128877353366
6.2	0.0008492125002553841	0.0008492125002553841	0.0008492125002553841	0.0008492125002553841
6.300000000000001	0.0007237084071961677	0.0007237084071961677	0.0007237084071961677	0.0007237084071961677
6.4	0.0007237084071961677	0.0007237084071961677	0.0007237084071961677	0.0007237084071961677
6.5	0.0006181513469925543	0.0006181513469925543	0.0006181513469925543	0.0006181513469925543
6.6	0.0006154211959637832	0.0006154211959637832	0.0006154211959637832	0.0006154211959637832
6.7	0.0005603479345068015	0.0005603479345068015	0.0005603479345068015	0.0005603479345068015
6.800000000000001	0.00041939042101224775	0.00041939042101224775	0.00041939042101224775	0.00041939042101224775
6.9	0.00036042272797771164	0.00036042272797771164	0.00036042272797771164	0.00036042272797771164
7.0	0.0003381813110279695	0.0003381813110279695	0.0003381813110279695	0.0003381813110279695
7.1	0.0003020610941929632	0.0003020610941929632	0.0003020610941929632	0.0003020610941929632
7.2	0.00027254465630163803	0.00027254465630163803	0.00027254465630163803	0.00027254465630163803
7.300000000000001	0.00022601320921628734	0.00022601320921628734	0.00022601320921628734	0.00022601320921628734
7.4	0.00017190752420134924	0.00017190752420134924	0.00017190752420134924	0.00017190752420134924
7.5	0.00010848414907155392	0.00010848414907155392	0.00010848414907155392	0.00010848414907155392
7.6	2.3894613546849308e-05	2.3894613546849308e-05	2.3894613546849308e-05	2.3894613546849308e-05
7.7	1.2857227792902062e-06	1.2857227792902062e-06	1.2857227792902062e-06	1.2857227792902062e-06
7.800000000000001	2.1155989218282206e-07	2.1155989218282206e-07	2.1155989218282206e-07	2.1155989218282206e-07
7.9	1.8286023185853304e-07	1.8286023185853304e-07	1.8286023185853304e-07	1.8286023185853304e-07
8.0	0.0	0.0	0.0	0.0
8.100000000000001	0.0	0.0	0.0	0.0
8.2	0.0	0.0	0.0	0.0
8.3	0.0	0.0	0.0	0.0
8.4	0.0	0.0	0.0	0.0
8.5	0.0	0.0	0.0	0.0
8.600000000000001	0.0	0.0	0.0	0.0
8.7	0.0	0.0	0.0	0.0
8.8	0.0	0.0	0.0	0.0
8.9	0.0	0.0	0.0	0.0
9.0	0.0	0.0	0.0	0.0
9.100000000000001	0.0	0.0	0.0	0.0
9.2	0.0	0.0	0.0	0.0
9.3	0.0	0.0	0.0	0.0
9.4	0.0	0.0	0.0	0.0
9.5	0.0	0.0	0.0	0.0
9.600000000000001	0.0	0.0	0.0	0.0
9.7	0.0	0.0	0.0	0.0
9.8	0.0	0.0	0.0	0.0
9.9	0.0	0.0	0.0	0.0
