4.0	0.005592897637368518	0.005592897637368518	0.005592897637368518	0.005592897637368518
4.1	0.005592897637368518	0.005592897637368518	0.005592897637368518	0.005592897637368518
4.2	0.005592897637368518	0.005592897637368518	0.005592897637368518	0.005592897637368518
4.3	0.005592897637368518	0.005592897637368518	0.005592897637368518	0.005592897637368518
4.4	0.005592897637368518	0.005592897637368518	0.005592897637368518	0.005592897637368518
4.5	0.005592897637368518	0.005592897637368518	0.005592897637368518	0.005592897637368518
4.6	0.005592897637368518	0.005592897637368518	0.005592897637368518	0.005592897637368518
4.7	0.005592897637368518	0.005592897637368518	0.005592897637368518	0.005592897637368518
4.8	0.005592897637368518	0.005592897637368518	0.005592897637368518	0.005592897637368518
4.9	0.005592897637368518	0.005592897637368518	0.005592897637368518	0.005592897637368518
5.0	0.005592897637368518	0.005592897637368518	0.005592897637368518	0.005592897637368518
5.1	0.005592897637368518	0.005592897637368518	0.005592897637368518	0.005592897637368518
5.2	0.005592897637368518	0.005592897637368518	0.005592897637368518	0.005592897637368518
5.3	0.005592897637368518	0.005592897637368518	0.005592897637368518	0.005592897637368518
5.4	0.005592897637368518	0.005592897637368518	0.005592897637368518	0.005592897637368518
5.5	0.005592897637368518	0.005592897637368518	0.005592897637368518	0.005592897637368518
5.6	0.0041518895956017005	0.0041518895956017005	0.0041518895956017005	0.0041518895956017005
5.7	0.0041518895956017005	0.0041518895956017005	0.0041518895956017005	0.0041518895956017005
5.8	0.0036142407746696955	0.0036142407746696955	0.0036142407746696955	0.0036142407746696955
5.9	0.0026711967164784376	0.0026711967164784376	0.0026711967164784376	0.0026711967164784376
6.0	0.001665738786531146	0.001665738786531146	0.001665738786531146	0.001665738786531146
6.1	0.001665738786531146	0.001665738786531146	0.001665738786531146	0.001665738786531146
6.2	0.001143674891668456	0.001143674891668456	0.001143674891668456	0.001143674891668456
6.300000000000001	0.0010223799134772872	0.0010223799134772872	0.0010223799134772872	0.0010223799134772872
6.4	0.0009557041756007148	0.0009557041756007148	0.0009557041756007148	0.0009557041756007148
6.5	0.0006061591001311572	0.0006061591001311572	0.0006061591001311572	0.0006061591001311572
6.6	0.0006061591001311572	0.0006061591001311572	0.0006061591001311572	0.0006061591001311572
6.7	0.0005177975321442317	0.0005177975321442317	0.0005177975321442317	0.0005177975321442317
6.800000000000001	0.0003441082730378964	0.0003441082730378964	0.0003441082730378964	0.0003441082730378964
6.9	0.0003268682945998581	0.0003268682945998581	0.0003268682945998581	0.0003268682945998581
7.0	0.0002600247826538514	0.0002600247826538514	0.0002600247826538514	0.0002600247826538514
7.1	0.0002388044612051106	0.0002388044612051106	0.0002388044612051106	0.0002388044612051106
7.2	0.0002148729555254056	0.0002148729555254056	0.0002148729555254056	0.0002148729555254056
7.300000000000001	0.00021185913693617974	0.00021185913693617974	0.00021185913693617974	0.00021185913693617974
7.4	0.00018953034848265295	0.00018953034848265295	0.00018953034848265295	0.00018953034848265295
7.5	0.00015985223489427876	0.00015985223489427876	0.00015985223489427876	0.00015985223489427876
7.6	0.00011834831615717997	0.00011834831615717997	0.00011834831615717997	0.00011834831615717997
7.7	8.271906642072255e-05	8.271906642072255e-05	8.271906642072255e-05	8.271906642072255e-05
7.800000000000001	5.1291794407127524e-05	5.1291794407127524e-05	5.1291794407127524e-05	5.1291794407127524e-05
7.9	3.9539457293814424e-05	3.9539457293814424e-05	3.9539457293814424e-05	3.9539457293814424e-05
8.0	2.1636543031975717e-05	2.1636543031975717e-05	2.1636543031975717e-05	2.1636543031975717e-05
8.100000000000001	0.0	0.0	0.0	0.0
8.2	0.0	0.0	0.0	0.0
8.3	0.0	0.0	0.0	0.0
8.4	0.0	0.0	0.0	0.0
8.5	0.0	0.0	0.0	0.0
8.600000000000001	0.0	0.0	0.0	0.0
8.7	0.0	0.0	0.0	0.0
8.8	0.0	0.0	0.0	0.0
8.9	0.0	0.0	0.0	0.0
9.0	0.0	0.0	0.0	0.0
9.100000000000001	0.0	0.0	0.0	0.0
9.2	0.0	0.0	0.0	0.0
9.3	0.0	0.0	0.0	0.0
9.4	0.0	0.0	0.0	0.0
9.5	0.0	0.0	0.0	0.0
9.600000000000001	0.0	0.0	0.0	0.0
9.7	0.0	0.0	0.0	0.0
9.8	0.0	0.0	0.0	0.0
9.9	0.0	0.0	0.0	0.0
