4.0	0.015241487899899634	0.015241487899899634	0.015241487899899634	0.015241487899899634
4.1	0.015241487899899634	0.015241487899899634	0.015241487899899634	0.015241487899899634
4.2	0.015241487899899635	0.015241487899899635	0.015241487899899635	0.015241487899899635
4.3	0.015241487899899634	0.015241487899899634	0.015241487899899634	0.015241487899899634
4.4	0.015241487899899634	0.015241487899899634	0.015241487899899634	0.015241487899899634
4.5	0.015241487899899634	0.015241487899899634	0.015241487899899634	0.015241487899899634
4.6	0.015241487899899635	0.015241487899899635	0.015241487899899635	0.015241487899899635
4.7	0.015241487899899634	0.015241487899899634	0.015241487899899634	0.015241487899899634
4.8	0.015241487899899634	0.015241487899899634	0.015241487899899634	0.015241487899899634
4.9	0.015241487899899634	0.015241487899899634	0.015241487899899634	0.015241487899899634
5.0	0.015241487899899635	0.015241487899899635	0.015241487899899635	0.015241487899899635
5.1	0.015241487899899634	0.015241487899899634	0.015241487899899634	0.015241487899899634
5.2	0.015241487899899634	0.015241487899899634	0.015241487899899634	0.015241487899899634
5.3	0.015241487899899634	0.015241487899899634	0.015241487899899634	0.015241487899899634
5.4	0.015241487899899635	0.015241487899899635	0.015241487899899635	0.015241487899899635
5.5	0.015241487899899634	0.015241487899899634	0.015241487899899634	0.015241487899899634
5.6	0.010772102930445228	0.010772102930445228	0.010772102930445228	0.010772102930445228
5.7	0.010772102930445228	0.010772102930445228	0.010772102930445228	0.010772102930445228
5.8	0.007235262895409153	0.007235262895409153	0.007235262895409153	0.007235262895409153
5.9	0.0072352628954091515	0.0072352628954091515	0.0072352628954091515	0.0072352628954091515
6.0	0.0058855845135551465	0.0058855845135551465	0.0058855845135551465	0.0058855845135551465
6.1	0.0058855845135551465	0.0058855845135551465	0.0058855845135551465	0.0058855845135551465
6.2	0.00471817728016466	0.00471817728016466	0.00471817728016466	0.00471817728016466
6.300000000000001	0.004011988950519076	0.004011988950519076	0.004011988950519076	0.004011988950519076
6.4	0.00393621633185888	0.00393621633185888	0.00393621633185888	0.00393621633185888
6.5	0.003843309030828211	0.003843309030828211	0.003843309030828211	0.003843309030828211
6.6	0.0035884373689284246	0.0035884373689284246	0.0035884373689284246	0.0035884373689284246
6.7	0.003588437368928424	0.003588437368928424	0.003588437368928424	0.003588437368928424
6.800000000000001	0.003026300091963215	0.003026300091963215	0.003026300091963215	0.003026300091963215
6.9	0.0028560772347504607	0.0028560772347504607	0.0028560772347504607	0.0028560772347504607
7.0	0.002236612005066351	0.002236612005066351	0.002236612005066351	0.002236612005066351
7.1	0.0015226740681985392	0.0015226740681985392	0.0015226740681985392	0.0015226740681985392
7.2	0.0013334023473219648	0.0013334023473219648	0.0013334023473219648	0.0013334023473219648
7.300000000000001	0.0011886621166742157	0.0011886621166742157	0.0011886621166742157	0.0011886621166742157
7.4	0.0009460817174037271	0.0009460817174037271	0.0009460817174037271	0.0009460817174037271
7.5	0.0006471609560455081	0.0006471609560455081	0.0006471609560455081	0.0006471609560455081
7.6	0.0004367818626097228	0.0004367818626097228	0.0004367818626097228	0.0004367818626097228
7.7	0.0002037840446599647	0.0002037840446599647	0.0002037840446599647	0.0002037840446599647
7.800000000000001	0.0	0.0	0.0	0.0
7.9	0.0	0.0	0.0	0.0
8.0	0.0	0.0	0.0	0.0
8.100000000000001	0.0	0.0	0.0	0.0
8.2	0.0	0.0	0.0	0.0
8.3	0.0	0.0	0.0	0.0
8.4	0.0	0.0	0.0	0.0
8.5	0.0	0.0	0.0	0.0
8.600000000000001	0.0	0.0	0.0	0.0
8.7	0.0	0.0	0.0	0.0
8.8	0.0	0.0	0.0	0.0
8.9	0.0	0.0	0.0	0.0
9.0	0.0	0.0	0.0	0.0
9.100000000000001	0.0	0.0	0.0	0.0
9.2	0.0	0.0	0.0	0.0
9.3	0.0	0.0	0.0	0.0
9.4	0.0	0.0	0.0	0.0
9.5	0.0	0.0	0.0	0.0
9.600000000000001	0.0	0.0	0.0	0.0
9.7	0.0	0.0	0.0	0.0
9.8	0.0	0.0	0.0	0.0
9.9	0.0	0.0	0.0	0.0
