4.0	0.0006838689137840151	0.0006838689137840151	0.0006838689137840151	0.0006838689137840151
4.1	0.0006838689137840151	0.0006838689137840151	0.0006838689137840151	0.0006838689137840151
4.2	0.0006838689137840151	0.0006838689137840151	0.0006838689137840151	0.0006838689137840151
4.3	0.0006838689137840151	0.0006838689137840151	0.0006838689137840151	0.0006838689137840151
4.4	0.0006838689137840151	0.0006838689137840151	0.0006838689137840151	0.0006838689137840151
4.5	0.0006838689137840151	0.0006838689137840151	0.0006838689137840151	0.0006838689137840151
4.6	0.0006838689137840151	0.0006838689137840151	0.0006838689137840151	0.0006838689137840151
4.7	0.0006838689137840151	0.0006838689137840151	0.0006838689137840151	0.0006838689137840151
4.8	0.0006838689137840151	0.0006838689137840151	0.0006838689137840151	0.0006838689137840151
4.9	0.0006838689137840151	0.0006838689137840151	0.0006838689137840151	0.0006838689137840151
5.0	0.0006838689137840151	0.0006838689137840151	0.0006838689137840151	0.0006838689137840151
5.1	0.0006838689137840151	0.0006838689137840151	0.0006838689137840151	0.0006838689137840151
5.2	0.0006838689137840151	0.0006838689137840151	0.0006838689137840151	0.0006838689137840151
5.3	0.0006838689137840151	0.0006838689137840151	0.0006838689137840151	0.0006838689137840151
5.4	0.0006838689137840151	0.0006838689137840151	0.0006838689137840151	0.0006838689137840151
5.5	0.0006838689137840151	0.0006838689137840151	0.0006838689137840151	0.0006838689137840151
5.6	0.0006838689137840151	0.0006838689137840151	0.0006838689137840151	0.0006838689137840151
5.7	0.0005966281172363568	0.0005966281172363568	0.0005966281172363568	0.0005966281172363568
5.8	0.0005216317014922213	0.0005216317014922213	0.0005216317014922213	0.0005216317014922213
5.9	0.0005060159966775211	0.0005060159966775211	0.0005060159966775211	0.0005060159966775211
6.0	0.0004971719387625178	0.0004971719387625178	0.0004971719387625178	0.0004971719387625178
6.1	0.0004329955252053168	0.0004329955252053168	0.0004329955252053168	0.0004329955252053168
6.2	0.0004307792607450868	0.0004307792607450868	0.0004307792607450868	0.0004307792607450868
6.300000000000001	0.00041038232468298464	0.00041038232468298464	0.00041038232468298464	0.00041038232468298464
6.4	0.00040871617950227095	0.00040871617950227095	0.00040871617950227095	0.00040871617950227095
6.5	0.00035337672988400737	0.00035337672988400737	0.00035337672988400737	0.00035337672988400737
6.6	0.0003223126786744702	0.0003223126786744702	0.0003223126786744702	0.0003223126786744702
6.7	0.0003177994614548549	0.0003177994614548549	0.0003177994614548549	0.0003177994614548549
6.800000000000001	0.00025965060874359063	0.00025965060874359063	0.00025965060874359063	0.00025965060874359063
6.9	0.00024853949482707877	0.00024853949482707877	0.00024853949482707877	0.00024853949482707877
7.0	0.00020084520737292198	0.00020084520737292198	0.00020084520737292198	0.00020084520737292198
7.1	0.0001746523290473769	0.0001746523290473769	0.0001746523290473769	0.0001746523290473769
7.2	0.00014212973861436342	0.00014212973861436342	0.00014212973861436342	0.00014212973861436342
7.300000000000001	0.00012806740723874036	0.00012806740723874036	0.00012806740723874036	0.00012806740723874036
7.4	0.0001033907376300252	0.0001033907376300252	0.0001033907376300252	0.0001033907376300252
7.5	7.300482242183324e-05	7.300482242183324e-05	7.300482242183324e-05	7.300482242183324e-05
7.6	4.772644524944861e-05	4.772644524944861e-05	4.772644524944861e-05	4.772644524944861e-05
7.7	2.6620205966774993e-05	2.6620205966774993e-05	2.6620205966774993e-05	2.6620205966774993e-05
7.800000000000001	1.0730024946618917e-05	1.0730024946618917e-05	1.0730024946618917e-05	1.0730024946618917e-05
7.9	3.779767196124254e-06	3.779767196124254e-06	3.779767196124254e-06	3.779767196124254e-06
8.0	0.0	0.0	0.0	0.0
8.100000000000001	0.0	0.0	0.0	0.0
8.2	0.0	0.0	0.0	0.0
8.3	0.0	0.0	0.0	0.0
8.4	0.0	0.0	0.0	0.0
8.5	0.0	0.0	0.0	0.0
8.600000000000001	0.0	0.0	0.0	0.0
8.7	0.0	0.0	0.0	0.0
8.8	0.0	0.0	0.0	0.0
8.9	0.0	0.0	0.0	0.0
9.0	0.0	0.0	0.0	0.0
9.100000000000001	0.0	0.0	0.0	0.0
9.2	0.0	0.0	0.0	0.0
9.3	0.0	0.0	0.0	0.0
9.4	0.0	0.0	0.0	0.0
9.5	0.0	0.0	0.0	0.0
9.600000000000001	0.0	0.0	0.0	0.0
9.7	0.0	0.0	0.0	0.0
9.8	0.0	0.0	0.0	0.0
9.9	0.0	0.0	0.0	0.0
