4.0	0.021046793705328876	0.021046793705328876	0.021046793705328876	0.021046793705328876
4.1	0.021046793705328876	0.021046793705328876	0.021046793705328876	0.021046793705328876
4.2	0.021046793705328876	0.021046793705328876	0.021046793705328876	0.021046793705328876
4.3	0.021046793705328876	0.021046793705328876	0.021046793705328876	0.021046793705328876
4.4	0.021046793705328876	0.021046793705328876	0.021046793705328876	0.021046793705328876
4.5	0.021046793705328876	0.021046793705328876	0.021046793705328876	0.021046793705328876
4.6	0.021046793705328876	0.021046793705328876	0.021046793705328876	0.021046793705328876
4.7	0.021046793705328876	0.021046793705328876	0.021046793705328876	0.021046793705328876
4.8	0.021046793705328876	0.021046793705328876	0.021046793705328876	0.021046793705328876
4.9	0.021046793705328876	0.021046793705328876	0.021046793705328876	0.021046793705328876
5.0	0.021046793705328876	0.021046793705328876	0.021046793705328876	0.021046793705328876
5.1	0.021046793705328876	0.021046793705328876	0.021046793705328876	0.021046793705328876
5.2	0.021046793705328876	0.021046793705328876	0.021046793705328876	0.021046793705328876
5.3	0.021046793705328876	0.021046793705328876	0.021046793705328876	0.021046793705328876
5.4	0.021046793705328876	0.021046793705328876	0.021046793705328876	0.021046793705328876
5.5	0.021046793705328876	0.021046793705328876	0.021046793705328876	0.021046793705328876
5.6	0.021046793705328876	0.021046793705328876	0.021046793705328876	0.021046793705328876
5.7	0.013722765757383888	0.013722765757383888	0.013722765757383888	0.013722765757383888
5.8	0.010766513747721515	0.010766513747721515	0.010766513747721515	0.010766513747721515
5.9	0.007095804441482113	0.007095804441482113	0.007095804441482113	0.007095804441482113
6.0	0.007095804441482113	0.007095804441482113	0.007095804441482113	0.007095804441482113
6.1	0.00453804069086738	0.00453804069086738	0.00453804069086738	0.00453804069086738
6.2	0.0031957539786873785	0.0031957539786873785	0.0031957539786873785	0.0031957539786873785
6.300000000000001	0.0031957539786873785	0.0031957539786873785	0.0031957539786873785	0.0031957539786873785
6.4	0.002867711449206209	0.002867711449206209	0.002867711449206209	0.002867711449206209
6.5	0.002617202722089248	0.002617202722089248	0.002617202722089248	0.002617202722089248
6.6	0.0019283221926629217	0.0019283221926629217	0.0019283221926629217	0.0019283221926629217
6.7	0.0017568917449562699	0.0017568917449562699	0.0017568917449562699	0.0017568917449562699
6.800000000000001	0.0011032030248004296	0.0011032030248004296	0.0011032030248004296	0.0011032030248004296
6.9	0.0005734694789387061	0.0005734694789387061	0.0005734694789387061	0.0005734694789387061
7.0	0.00016055284679739545	0.00016055284679739545	0.00016055284679739545	0.00016055284679739545
7.1	0.0	0.0	0.0	0.0
7.2	0.0	0.0	0.0	0.0
7.300000000000001	0.0	0.0	0.0	0.0
7.4	0.0	0.0	0.0	0.0
7.5	0.0	0.0	0.0	0.0
7.6	0.0	0.0	0.0	0.0
7.7	0.0	0.0	0.0	0.0
7.800000000000001	0.0	0.0	0.0	0.0
7.9	0.0	0.0	0.0	0.0
8.0	0.0	0.0	0.0	0.0
8.100000000000001	0.0	0.0	0.0	0.0
8.2	0.0	0.0	0.0	0.0
8.3	0.0	0.0	0.0	0.0
8.4	0.0	0.0	0.0	0.0
8.5	0.0	0.0	0.0	0.0
8.600000000000001	0.0	0.0	0.0	0.0
8.7	0.0	0.0	0.0	0.0
8.8	0.0	0.0	0.0	0.0
8.9	0.0	0.0	0.0	0.0
9.0	0.0	0.0	0.0	0.0
9.100000000000001	0.0	0.0	0.0	0.0
9.2	0.0	0.0	0.0	0.0
9.3	0.0	0.0	0.0	0.0
9.4	0.0	0.0	0.0	0.0
9.5	0.0	0.0	0.0	0.0
9.600000000000001	0.0	0.0	0.0	0.0
9.7	0.0	0.0	0.0	0.0
9.8	0.0	0.0	0.0	0.0
9.9	0.0	0.0	0.0	0.0
