4.0	0.01203664142542003	0.01203664142542003	0.01203664142542003	0.01203664142542003
4.1	0.01203664142542003	0.01203664142542003	0.01203664142542003	0.01203664142542003
4.2	0.01203664142542003	0.01203664142542003	0.01203664142542003	0.01203664142542003
4.3	0.012036641425420028	0.012036641425420028	0.012036641425420028	0.012036641425420028
4.4	0.01203664142542003	0.01203664142542003	0.01203664142542003	0.01203664142542003
4.5	0.01203664142542003	0.01203664142542003	0.01203664142542003	0.01203664142542003
4.6	0.01203664142542003	0.01203664142542003	0.01203664142542003	0.01203664142542003
4.7	0.012036641425420028	0.012036641425420028	0.012036641425420028	0.012036641425420028
4.8	0.01203664142542003	0.01203664142542003	0.01203664142542003	0.01203664142542003
4.9	0.01203664142542003	0.01203664142542003	0.01203664142542003	0.01203664142542003
5.0	0.01203664142542003	0.01203664142542003	0.01203664142542003	0.01203664142542003
5.1	0.012036641425420028	0.012036641425420028	0.012036641425420028	0.012036641425420028
5.2	0.01203664142542003	0.01203664142542003	0.01203664142542003	0.01203664142542003
5.3	0.01203664142542003	0.01203664142542003	0.01203664142542003	0.01203664142542003
5.4	0.01203664142542003	0.01203664142542003	0.01203664142542003	0.01203664142542003
5.5	0.012036641425420028	0.012036641425420028	0.012036641425420028	0.012036641425420028
5.6	0.010070069705591423	0.010070069705591423	0.010070069705591423	0.010070069705591423
5.7	0.007316803776551643	0.007316803776551643	0.007316803776551643	0.007316803776551643
5.8	0.005403031566298336	0.005403031566298336	0.005403031566298336	0.005403031566298336
5.9	0.0038568139305202873	0.0038568139305202873	0.0038568139305202873	0.0038568139305202873
6.0	0.0036232190594380977	0.0036232190594380977	0.0036232190594380977	0.0036232190594380977
6.1	0.003459752537104636	0.003459752537104636	0.003459752537104636	0.003459752537104636
6.2	0.0024501853312373194	0.0024501853312373194	0.0024501853312373194	0.0024501853312373194
6.300000000000001	0.002364476735543618	0.002364476735543618	0.002364476735543618	0.002364476735543618
6.4	0.0022431226575299374	0.0022431226575299374	0.0022431226575299374	0.0022431226575299374
6.5	0.002113996963090647	0.002113996963090647	0.002113996963090647	0.002113996963090647
6.6	0.0019392879572287997	0.0019392879572287997	0.0019392879572287997	0.0019392879572287997
6.7	0.0017456579348035545	0.0017456579348035545	0.0017456579348035545	0.0017456579348035545
6.800000000000001	0.0015463179420710288	0.0015463179420710288	0.0015463179420710288	0.0015463179420710288
6.9	0.0013828105024987066	0.0013828105024987066	0.0013828105024987066	0.0013828105024987066
7.0	0.001164049155578361	0.001164049155578361	0.001164049155578361	0.001164049155578361
7.1	0.0010241088023302913	0.0010241088023302913	0.0010241088023302913	0.0010241088023302913
7.2	0.0006897863964443994	0.0006897863964443994	0.0006897863964443994	0.0006897863964443994
7.300000000000001	0.0005176772229536635	0.0005176772229536635	0.0005176772229536635	0.0005176772229536635
7.4	0.00033917818720195775	0.00033917818720195775	0.00033917818720195775	0.00033917818720195775
7.5	0.00020495663790326434	0.00020495663790326434	0.00020495663790326434	0.00020495663790326434
7.6	0.00011701163841425807	0.00011701163841425807	0.00011701163841425807	0.00011701163841425807
7.7	6.50760970207536e-05	6.50760970207536e-05	6.50760970207536e-05	6.50760970207536e-05
7.800000000000001	5.230492811204031e-05	5.230492811204031e-05	5.230492811204031e-05	5.230492811204031e-05
7.9	4.764784955109749e-05	4.764784955109749e-05	4.764784955109749e-05	4.764784955109749e-05
8.0	4.195566424733143e-05	4.195566424733143e-05	4.195566424733143e-05	4.195566424733143e-05
8.100000000000001	2.796381498005415e-05	2.796381498005415e-05	2.796381498005415e-05	2.796381498005415e-05
8.2	9.29719130658356e-06	9.29719130658356e-06	9.29719130658356e-06	9.29719130658356e-06
8.3	4.552067260889516e-06	4.552067260889516e-06	4.552067260889516e-06	4.552067260889516e-06
8.4	0.0	0.0	0.0	0.0
8.5	0.0	0.0	0.0	0.0
8.600000000000001	0.0	0.0	0.0	0.0
8.7	0.0	0.0	0.0	0.0
8.8	0.0	0.0	0.0	0.0
8.9	0.0	0.0	0.0	0.0
9.0	0.0	0.0	0.0	0.0
9.100000000000001	0.0	0.0	0.0	0.0
9.2	0.0	0.0	0.0	0.0
9.3	0.0	0.0	0.0	0.0
9.4	0.0	0.0	0.0	0.0
9.5	0.0	0.0	0.0	0.0
9.600000000000001	0.0	0.0	0.0	0.0
9.7	0.0	0.0	0.0	0.0
9.8	0.0	0.0	0.0	0.0
9.9	0.0	0.0	0.0	0.0
