4.0	0.008760561405038857	0.008760561405038857	0.008760561405038857	0.008760561405038857
4.1	0.008760561405038857	0.008760561405038857	0.008760561405038857	0.008760561405038857
4.2	0.008760561405038857	0.008760561405038857	0.008760561405038857	0.008760561405038857
4.3	0.008760561405038857	0.008760561405038857	0.008760561405038857	0.008760561405038857
4.4	0.008760561405038857	0.008760561405038857	0.008760561405038857	0.008760561405038857
4.5	0.008760561405038857	0.008760561405038857	0.008760561405038857	0.008760561405038857
4.6	0.008760561405038857	0.008760561405038857	0.008760561405038857	0.008760561405038857
4.7	0.008760561405038857	0.008760561405038857	0.008760561405038857	0.008760561405038857
4.8	0.008760561405038857	0.008760561405038857	0.008760561405038857	0.008760561405038857
4.9	0.008760561405038857	0.008760561405038857	0.008760561405038857	0.008760561405038857
5.0	0.008760561405038857	0.008760561405038857	0.008760561405038857	0.008760561405038857
5.1	0.008760561405038857	0.008760561405038857	0.008760561405038857	0.008760561405038857
5.2	0.008760561405038857	0.008760561405038857	0.008760561405038857	0.008760561405038857
5.3	0.008760561405038857	0.008760561405038857	0.008760561405038857	0.008760561405038857
5.4	0.008760561405038857	0.008760561405038857	0.008760561405038857	0.008760561405038857
5.5	0.008760561405038857	0.008760561405038857	0.008760561405038857	0.008760561405038857
5.6	0.007635854649997369	0.007635854649997369	0.007635854649997369	0.007635854649997369
5.7	0.0076358546499973685	0.0076358546499973685	0.0076358546499973685	0.0076358546499973685
5.8	0.006297805793509783	0.006297805793509783	0.006297805793509783	0.006297805793509783
5.9	0.0018839491052578916	0.0018839491052578916	0.0018839491052578916	0.0018839491052578916
6.0	0.0015757524902670688	0.0015757524902670688	0.0015757524902670688	0.0015757524902670688
6.1	0.0015757524902670688	0.0015757524902670688	0.0015757524902670688	0.0015757524902670688
6.2	0.0011152203119380486	0.0011152203119380486	0.0011152203119380486	0.0011152203119380486
6.300000000000001	0.0008772778388262486	0.0008772778388262486	0.0008772778388262486	0.0008772778388262486
6.4	0.0007489688330091723	0.0007489688330091723	0.0007489688330091723	0.0007489688330091723
6.5	0.0005982524169716571	0.0005982524169716571	0.0005982524169716571	0.0005982524169716571
6.6	0.0005576564816014529	0.0005576564816014529	0.0005576564816014529	0.0005576564816014529
6.7	0.0005576564816014529	0.0005576564816014529	0.0005576564816014529	0.0005576564816014529
6.800000000000001	0.00035580065114911773	0.00035580065114911773	0.00035580065114911773	0.00035580065114911773
6.9	0.00033615762926291983	0.00033615762926291983	0.00033615762926291983	0.00033615762926291983
7.0	0.00033615762926291983	0.00033615762926291983	0.00033615762926291983	0.00033615762926291983
7.1	0.0002401183813907108	0.0002401183813907108	0.0002401183813907108	0.0002401183813907108
7.2	0.00017388025113817304	0.00017388025113817304	0.00017388025113817304	0.00017388025113817304
7.300000000000001	0.00014739949532954901	0.00014739949532954901	0.00014739949532954901	0.00014739949532954901
7.4	9.523748919963914e-05	9.523748919963914e-05	9.523748919963914e-05	9.523748919963914e-05
7.5	7.081840991822401e-05	7.081840991822401e-05	7.081840991822401e-05	7.081840991822401e-05
7.6	0.0	0.0	0.0	0.0
7.7	0.0	0.0	0.0	0.0
7.800000000000001	0.0	0.0	0.0	0.0
7.9	0.0	0.0	0.0	0.0
8.0	0.0	0.0	0.0	0.0
8.100000000000001	0.0	0.0	0.0	0.0
8.2	0.0	0.0	0.0	0.0
8.3	0.0	0.0	0.0	0.0
8.4	0.0	0.0	0.0	0.0
8.5	0.0	0.0	0.0	0.0
8.600000000000001	0.0	0.0	0.0	0.0
8.7	0.0	0.0	0.0	0.0
8.8	0.0	0.0	0.0	0.0
8.9	0.0	0.0	0.0	0.0
9.0	0.0	0.0	0.0	0.0
9.100000000000001	0.0	0.0	0.0	0.0
9.2	0.0	0.0	0.0	0.0
9.3	0.0	0.0	0.0	0.0
9.4	0.0	0.0	0.0	0.0
9.5	0.0	0.0	0.0	0.0
9.600000000000001	0.0	0.0	0.0	0.0
9.7	0.0	0.0	0.0	0.0
9.8	0.0	0.0	0.0	0.0
9.9	0.0	0.0	0.0	0.0
