set set_1
0 1
0 1 2
0 1 2 3
0 1 2 3 4
0 1 2 3 4 5
1 2
1 2 3
1 2 3 4
1 2 3 4 5
2 3
2 3 4
2 3 4 5
3 4
3 4 5
4 5
6 7
6 7 8
6 7 8 9
7 8
7 8 9
8 9
10 11
10 11 12
10 11 12 13
10 11 12 13 14
10 11 12 13 14 15
11 12
11 12 13
11 12 13 14
11 12 13 14 15
12 13
12 13 14
12 13 14 15
13 14
13 14 15
14 15
6 10
6 10 11
6 10 11 12
6 10 11 12 13
6 10 11 12 13 14
6 10 11 12 13 14 15
6 7 10
6 7 10 11
6 7 10 11 12
6 7 10 11 12 13
6 7 10 11 12 13 14
6 7 10 11 12 13 14 15
6 7 8 10
6 7 8 10 11
6 7 8 10 11 12
6 7 8 10 11 12 13
6 7 8 10 11 12 13 14
6 7 8 10 11 12 13 14 15
6 7 8 9 10
6 7 8 9 10 11
6 7 8 9 10 11 12
6 7 8 9 10 11 12 13
6 7 8 9 10 11 12 13 14
6 7 8 9 10 11 12 13 14 15
