4.0	0.0034979624394262756	0.0034979624394262756	0.0034979624394262756	0.0034979624394262756
4.1	0.0034979624394262756	0.0034979624394262756	0.0034979624394262756	0.0034979624394262756
4.2	0.0034979624394262756	0.0034979624394262756	0.0034979624394262756	0.0034979624394262756
4.3	0.0034979624394262756	0.0034979624394262756	0.0034979624394262756	0.0034979624394262756
4.4	0.0034979624394262756	0.0034979624394262756	0.0034979624394262756	0.0034979624394262756
4.5	0.0034979624394262756	0.0034979624394262756	0.0034979624394262756	0.0034979624394262756
4.6	0.0034979624394262756	0.0034979624394262756	0.0034979624394262756	0.0034979624394262756
4.7	0.0034979624394262756	0.0034979624394262756	0.0034979624394262756	0.0034979624394262756
4.8	0.0034979624394262756	0.0034979624394262756	0.0034979624394262756	0.0034979624394262756
4.9	0.0034979624394262756	0.0034979624394262756	0.0034979624394262756	0.0034979624394262756
5.0	0.0034979624394262756	0.0034979624394262756	0.0034979624394262756	0.0034979624394262756
5.1	0.0034979624394262756	0.0034979624394262756	0.0034979624394262756	0.0034979624394262756
5.2	0.0034979624394262756	0.0034979624394262756	0.0034979624394262756	0.0034979624394262756
5.3	0.0034979624394262756	0.0034979624394262756	0.0034979624394262756	0.0034979624394262756
5.4	0.0034979624394262756	0.0034979624394262756	0.0034979624394262756	0.0034979624394262756
5.5	0.0034979624394262756	0.0034979624394262756	0.0034979624394262756	0.0034979624394262756
5.6	0.0034979624394262756	0.0034979624394262756	0.0034979624394262756	0.0034979624394262756
5.7	0.002597948066206002	0.002597948066206002	0.002597948066206002	0.002597948066206002
5.8	0.002597948066206002	0.002597948066206002	0.002597948066206002	0.002597948066206002
5.9	0.002597948066206002	0.002597948066206002	0.002597948066206002	0.002597948066206002
6.0	0.0020477055921509857	0.0020477055921509857	0.0020477055921509857	0.0020477055921509857
6.1	0.0020477055921509857	0.0020477055921509857	0.0020477055921509857	0.0020477055921509857
6.2	0.0015897229347257146	0.0015897229347257146	0.0015897229347257146	0.0015897229347257146
6.300000000000001	0.0011818245871719926	0.0011818245871719926	0.0011818245871719926	0.0011818245871719926
6.4	0.0011818245871719926	0.0011818245871719926	0.0011818245871719926	0.0011818245871719926
6.5	0.0006736944578615399	0.0006736944578615399	0.0006736944578615399	0.0006736944578615399
6.6	0.0006520936360581952	0.0006520936360581952	0.0006520936360581952	0.0006520936360581952
6.7	0.000540507780407294	0.000540507780407294	0.000540507780407294	0.000540507780407294
6.800000000000001	0.00040069972730056354	0.00040069972730056354	0.00040069972730056354	0.00040069972730056354
6.9	0.00036927625804403485	0.00036927625804403485	0.00036927625804403485	0.00036927625804403485
7.0	0.0003003669467712887	0.0003003669467712887	0.0003003669467712887	0.0003003669467712887
7.1	0.0002785899958291297	0.0002785899958291297	0.0002785899958291297	0.0002785899958291297
7.2	0.00024094960813452593	0.00024094960813452593	0.00024094960813452593	0.00024094960813452593
7.300000000000001	0.00023571147522612098	0.00023571147522612098	0.00023571147522612098	0.00023571147522612098
7.4	0.00020353959682405456	0.00020353959682405456	0.00020353959682405456	0.00020353959682405456
7.5	0.00016761868495211997	0.00016761868495211997	0.00016761868495211997	0.00016761868495211997
7.6	0.00011593895106017162	0.00011593895106017162	0.00011593895106017162	0.00011593895106017162
7.7	8.271906642072255e-05	8.271906642072255e-05	8.271906642072255e-05	8.271906642072255e-05
7.800000000000001	5.1291794407127524e-05	5.1291794407127524e-05	5.1291794407127524e-05	5.1291794407127524e-05
7.9	3.9539457293814424e-05	3.9539457293814424e-05	3.9539457293814424e-05	3.9539457293814424e-05
8.0	2.1636543031975717e-05	2.1636543031975717e-05	2.1636543031975717e-05	2.1636543031975717e-05
8.100000000000001	0.0	0.0	0.0	0.0
8.2	0.0	0.0	0.0	0.0
8.3	0.0	0.0	0.0	0.0
8.4	0.0	0.0	0.0	0.0
8.5	0.0	0.0	0.0	0.0
8.600000000000001	0.0	0.0	0.0	0.0
8.7	0.0	0.0	0.0	0.0
8.8	0.0	0.0	0.0	0.0
8.9	0.0	0.0	0.0	0.0
9.0	0.0	0.0	0.0	0.0
9.100000000000001	0.0	0.0	0.0	0.0
9.2	0.0	0.0	0.0	0.0
9.3	0.0	0.0	0.0	0.0
9.4	0.0	0.0	0.0	0.0
9.5	0.0	0.0	0.0	0.0
9.600000000000001	0.0	0.0	0.0	0.0
9.7	0.0	0.0	0.0	0.0
9.8	0.0	0.0	0.0	0.0
9.9	0.0	0.0	0.0	0.0
