4.0	0.1092587549382369	0.11967054862940303	0.1399268214223065	0.17140513881809225
4.1	0.10925875493823692	0.11967054862940303	0.1399268214223065	0.17140513881809225
4.2	0.1092587549382369	0.11967054862940303	0.1399268214223065	0.17140513881809225
4.3	0.1092587549382369	0.11967054862940303	0.1399268214223065	0.17140513881809225
4.4	0.1092587549382369	0.11967054862940303	0.1399268214223065	0.17140513881809225
4.5	0.10925875493823692	0.11967054862940303	0.1399268214223065	0.17140513881809225
4.6	0.08924476755925131	0.09555731082339629	0.10878055592288115	0.12884527409049037
4.7	0.07362492603610889	0.07848644577078162	0.08530811647553597	0.09726417374315321
4.8	0.05737026888864255	0.06942251055843979	0.06667669409461109	0.07587328664202651
4.9	0.048600676766514445	0.05338057374966887	0.05348665716295501	0.05837688089592702
5.0	0.03721357037195607	0.043537995084159634	0.04263458324970124	0.04801945965406808
5.1	0.029366516775093818	0.03496198022420089	0.0349519032709882	0.04053688668875406
5.2	0.023446947047343368	0.02775224786347919	0.0283746035734877	0.03332715432803236
5.3	0.0200728685542242	0.022916785054868914	0.023270503942176852	0.02648228808562182
5.4	0.01642901388817525	0.01759173648235479	0.018769570029694677	0.021157239513107697
5.5	0.013515461720308559	0.014495077523901286	0.01562803195590125	0.017785920368773946
5.6	0.011567305284688068	0.011624726924999712	0.013022729553935623	0.014534073928340614
5.7	0.009032812111253122	0.009870285431141655	0.010008689038846143	0.010990102110747342
5.8	0.0072843886413057925	0.00877154937079224	0.008957724111555399	0.01063850657143553
5.9	0.006873145074573862	0.007486413224754955	0.007691910634272815	0.008518896090352484
6.0	0.006204690589805671	0.006584548298018054	0.0065331780357683195	0.006859610671240978
6.1	0.0035602193382970387	0.005270453120213975	0.004450423341373706	0.005307826153296762
6.2	0.0012111320926367693	0.003784787789489904	0.0026405563292978087	0.004024211307551165
6.300000000000001	0.0007935158505914619	0.0024797370330983184	0.0017235611647935922	0.002623359444263533
6.4	0.0003606986978394541	0.001127183430748294	0.0007722189967468062	0.0011695407182940988
6.5	0.0	0.0	0.0	0.0
6.6	0.0	0.0	0.0	0.0
6.7	0.0	0.0	0.0	0.0
6.800000000000001	0.0	0.0	0.0	0.0
6.9	0.0	0.0	0.0	0.0
7.0	0.0	0.0	0.0	0.0
7.1	0.0	0.0	0.0	0.0
7.2	0.0	0.0	0.0	0.0
7.300000000000001	0.0	0.0	0.0	0.0
7.4	0.0	0.0	0.0	0.0
7.5	0.0	0.0	0.0	0.0
7.6	0.0	0.0	0.0	0.0
7.7	0.0	0.0	0.0	0.0
7.800000000000001	0.0	0.0	0.0	0.0
7.9	0.0	0.0	0.0	0.0
8.0	0.0	0.0	0.0	0.0
8.100000000000001	0.0	0.0	0.0	0.0
8.2	0.0	0.0	0.0	0.0
8.3	0.0	0.0	0.0	0.0
8.4	0.0	0.0	0.0	0.0
8.5	0.0	0.0	0.0	0.0
8.600000000000001	0.0	0.0	0.0	0.0
8.7	0.0	0.0	0.0	0.0
8.8	0.0	0.0	0.0	0.0
8.9	0.0	0.0	0.0	0.0
9.0	0.0	0.0	0.0	0.0
9.100000000000001	0.0	0.0	0.0	0.0
9.2	0.0	0.0	0.0	0.0
9.3	0.0	0.0	0.0	0.0
9.4	0.0	0.0	0.0	0.0
9.5	0.0	0.0	0.0	0.0
9.600000000000001	0.0	0.0	0.0	0.0
9.7	0.0	0.0	0.0	0.0
9.8	0.0	0.0	0.0	0.0
9.9	0.0	0.0	0.0	0.0
