4.0	0.0066302128486717465	0.0066302128486717465	0.0066302128486717465	0.0066302128486717465
4.1	0.0066302128486717465	0.0066302128486717465	0.0066302128486717465	0.0066302128486717465
4.2	0.0066302128486717465	0.0066302128486717465	0.0066302128486717465	0.0066302128486717465
4.3	0.0066302128486717465	0.0066302128486717465	0.0066302128486717465	0.0066302128486717465
4.4	0.0066302128486717465	0.0066302128486717465	0.0066302128486717465	0.0066302128486717465
4.5	0.0066302128486717465	0.0066302128486717465	0.0066302128486717465	0.0066302128486717465
4.6	0.0066302128486717465	0.0066302128486717465	0.0066302128486717465	0.0066302128486717465
4.7	0.0066302128486717465	0.0066302128486717465	0.0066302128486717465	0.0066302128486717465
4.8	0.0066302128486717465	0.0066302128486717465	0.0066302128486717465	0.0066302128486717465
4.9	0.0066302128486717465	0.0066302128486717465	0.0066302128486717465	0.0066302128486717465
5.0	0.0066302128486717465	0.0066302128486717465	0.0066302128486717465	0.0066302128486717465
5.1	0.0066302128486717465	0.0066302128486717465	0.0066302128486717465	0.0066302128486717465
5.2	0.0066302128486717465	0.0066302128486717465	0.0066302128486717465	0.0066302128486717465
5.3	0.0066302128486717465	0.0066302128486717465	0.0066302128486717465	0.0066302128486717465
5.4	0.0066302128486717465	0.0066302128486717465	0.0066302128486717465	0.0066302128486717465
5.5	0.0066302128486717465	0.0066302128486717465	0.0066302128486717465	0.0066302128486717465
5.6	0.006245030351872827	0.006245030351872827	0.006245030351872827	0.006245030351872827
5.7	0.006245030351872827	0.006245030351872827	0.006245030351872827	0.006245030351872827
5.8	0.006245030351872827	0.006245030351872827	0.006245030351872827	0.006245030351872827
5.9	0.004024176860479326	0.004024176860479326	0.004024176860479326	0.004024176860479326
6.0	0.003983862915172485	0.003983862915172485	0.003983862915172485	0.003983862915172485
6.1	0.0037498341965911423	0.0037498341965911423	0.0037498341965911423	0.0037498341965911423
6.2	0.003749834196591142	0.003749834196591142	0.003749834196591142	0.003749834196591142
6.300000000000001	0.0031376260966936922	0.0031376260966936922	0.0031376260966936922	0.0031376260966936922
6.4	0.002469283352062318	0.002469283352062318	0.002469283352062318	0.002469283352062318
6.5	0.0021122698468568958	0.0021122698468568958	0.0021122698468568958	0.0021122698468568958
6.6	0.0021122698468568958	0.0021122698468568958	0.0021122698468568958	0.0021122698468568958
6.7	0.0016250611951053894	0.0016250611951053894	0.0016250611951053894	0.0016250611951053894
6.800000000000001	0.001597589904838959	0.001597589904838959	0.001597589904838959	0.001597589904838959
6.9	0.001597589904838959	0.001597589904838959	0.001597589904838959	0.001597589904838959
7.0	0.0015835666770888808	0.0015835666770888808	0.0015835666770888808	0.0015835666770888808
7.1	0.001361742939320146	0.001361742939320146	0.001361742939320146	0.001361742939320146
7.2	0.0010903081922218286	0.0010903081922218286	0.0010903081922218286	0.0010903081922218286
7.300000000000001	0.0010031383361823922	0.0010031383361823922	0.0010031383361823922	0.0010031383361823922
7.4	0.000916690769680069	0.000916690769680069	0.000916690769680069	0.000916690769680069
7.5	0.0008680912730070682	0.0008680912730070682	0.0008680912730070682	0.0008680912730070682
7.6	0.0007729324952546746	0.0007729324952546746	0.0007729324952546746	0.0007729324952546746
7.7	0.0005359262809370619	0.0005359262809370619	0.0005359262809370619	0.0005359262809370619
7.800000000000001	0.00045477661794720377	0.00045477661794720377	0.00045477661794720377	0.00045477661794720377
7.9	0.0003159881452174882	0.0003159881452174882	0.0003159881452174882	0.0003159881452174882
8.0	0.00015884984420950005	0.00015884984420950005	0.00015884984420950005	0.00015884984420950005
8.100000000000001	7.932074095339713e-06	7.932074095339713e-06	7.932074095339713e-06	7.932074095339713e-06
8.2	0.0	0.0	0.0	0.0
8.3	0.0	0.0	0.0	0.0
8.4	0.0	0.0	0.0	0.0
8.5	0.0	0.0	0.0	0.0
8.600000000000001	0.0	0.0	0.0	0.0
8.7	0.0	0.0	0.0	0.0
8.8	0.0	0.0	0.0	0.0
8.9	0.0	0.0	0.0	0.0
9.0	0.0	0.0	0.0	0.0
9.100000000000001	0.0	0.0	0.0	0.0
9.2	0.0	0.0	0.0	0.0
9.3	0.0	0.0	0.0	0.0
9.4	0.0	0.0	0.0	0.0
9.5	0.0	0.0	0.0	0.0
9.600000000000001	0.0	0.0	0.0	0.0
9.7	0.0	0.0	0.0	0.0
9.8	0.0	0.0	0.0	0.0
9.9	0.0	0.0	0.0	0.0
