4.0	0.08763314335517715	0.08763314335517715	0.08763314335517715	0.08763314335517715
4.1	0.08763314335517715	0.08763314335517715	0.08763314335517715	0.08763314335517715
4.2	0.08763314335517715	0.08763314335517715	0.08763314335517715	0.08763314335517715
4.3	0.08763314335517715	0.08763314335517715	0.08763314335517715	0.08763314335517715
4.4	0.08763314335517715	0.08763314335517715	0.08763314335517715	0.08763314335517715
4.5	0.08763314335517715	0.08763314335517715	0.08763314335517715	0.08763314335517715
4.6	0.08763314335517715	0.08763314335517715	0.08763314335517715	0.08763314335517715
4.7	0.08763314335517715	0.08763314335517715	0.08763314335517715	0.08763314335517715
4.8	0.08763314335517715	0.08763314335517715	0.08763314335517715	0.08763314335517715
4.9	0.08763314335517715	0.08763314335517715	0.08763314335517715	0.08763314335517715
5.0	0.08763314335517715	0.08763314335517715	0.08763314335517715	0.08763314335517715
5.1	0.08763314335517715	0.08763314335517715	0.08763314335517715	0.08763314335517715
5.2	0.08763314335517715	0.08763314335517715	0.08763314335517715	0.08763314335517715
5.3	0.08763314335517715	0.08763314335517715	0.08763314335517715	0.08763314335517715
5.4	0.08763314335517715	0.08763314335517715	0.08763314335517715	0.08763314335517715
5.5	0.08763314335517715	0.08763314335517715	0.08763314335517715	0.08763314335517715
5.6	0.07891781465701597	0.07891781465701597	0.07891781465701597	0.07891781465701597
5.7	0.0648719773356108	0.0648719773356108	0.0648719773356108	0.0648719773356108
5.8	0.052052950857329534	0.052052950857329534	0.052052950857329534	0.052052950857329534
5.9	0.03779681625036726	0.03779681625036726	0.03779681625036726	0.03779681625036726
6.0	0.03241241566236077	0.03241241566236077	0.03241241566236077	0.03241241566236077
6.1	0.02676186280394565	0.02676186280394565	0.02676186280394565	0.02676186280394565
6.2	0.023564178423100646	0.023564178423100646	0.023564178423100646	0.023564178423100646
6.300000000000001	0.02012095702143193	0.02012095702143193	0.02012095702143193	0.02012095702143193
6.4	0.017602132004585054	0.017602132004585054	0.017602132004585054	0.017602132004585054
6.5	0.015986334018925175	0.015986334018925175	0.015986334018925175	0.015986334018925175
6.6	0.013309922161016643	0.013309922161016643	0.013309922161016643	0.013309922161016643
6.7	0.010932674047056851	0.010932674047056851	0.010932674047056851	0.010932674047056851
6.800000000000001	0.00916814322467363	0.00916814322467363	0.00916814322467363	0.00916814322467363
6.9	0.008168565238474652	0.008168565238474652	0.008168565238474652	0.008168565238474652
7.0	0.007216918090815836	0.007216918090815836	0.007216918090815836	0.007216918090815836
7.1	0.006184611953394381	0.006184611953394381	0.006184611953394381	0.006184611953394381
7.2	0.00525143783649572	0.00525143783649572	0.00525143783649572	0.00525143783649572
7.300000000000001	0.004399444283734664	0.004399444283734664	0.004399444283734664	0.004399444283734664
7.4	0.0035066398142198714	0.0035066398142198714	0.0035066398142198714	0.0035066398142198714
7.5	0.002819721109695644	0.002819721109695644	0.002819721109695644	0.002819721109695644
7.6	0.0023088125335772244	0.0023088125335772244	0.0023088125335772244	0.0023088125335772244
7.7	0.0018498438971283268	0.0018498438971283268	0.0018498438971283268	0.0018498438971283268
7.800000000000001	0.0014860379998974766	0.0014860379998974766	0.0014860379998974766	0.0014860379998974766
7.9	0.0010628196411490377	0.0010628196411490377	0.0010628196411490377	0.0010628196411490377
8.0	0.0007721031728882138	0.0007721031728882138	0.0007721031728882138	0.0007721031728882138
8.100000000000001	0.0004102080310984452	0.0004102080310984452	0.0004102080310984452	0.0004102080310984452
8.2	0.00014998849223829002	0.00014998849223829002	0.00014998849223829002	0.00014998849223829002
8.3	6.525564797292118e-05	6.525564797292118e-05	6.525564797292118e-05	6.525564797292118e-05
8.4	0.0	0.0	0.0	0.0
8.5	0.0	0.0	0.0	0.0
8.600000000000001	0.0	0.0	0.0	0.0
8.7	0.0	0.0	0.0	0.0
8.8	0.0	0.0	0.0	0.0
8.9	0.0	0.0	0.0	0.0
9.0	0.0	0.0	0.0	0.0
9.100000000000001	0.0	0.0	0.0	0.0
9.2	0.0	0.0	0.0	0.0
9.3	0.0	0.0	0.0	0.0
9.4	0.0	0.0	0.0	0.0
9.5	0.0	0.0	0.0	0.0
9.600000000000001	0.0	0.0	0.0	0.0
9.7	0.0	0.0	0.0	0.0
9.8	0.0	0.0	0.0	0.0
9.9	0.0	0.0	0.0	0.0
