4.0	0.01965533508888214	0.01965533508888214	0.01965533508888214	0.01965533508888214
4.1	0.01965533508888214	0.01965533508888214	0.01965533508888214	0.01965533508888214
4.2	0.019655335088882144	0.019655335088882144	0.019655335088882144	0.019655335088882144
4.3	0.01965533508888214	0.01965533508888214	0.01965533508888214	0.01965533508888214
4.4	0.01965533508888214	0.01965533508888214	0.01965533508888214	0.01965533508888214
4.5	0.01965533508888214	0.01965533508888214	0.01965533508888214	0.01965533508888214
4.6	0.019655335088882144	0.019655335088882144	0.019655335088882144	0.019655335088882144
4.7	0.01965533508888214	0.01965533508888214	0.01965533508888214	0.01965533508888214
4.8	0.01965533508888214	0.01965533508888214	0.01965533508888214	0.01965533508888214
4.9	0.01965533508888214	0.01965533508888214	0.01965533508888214	0.01965533508888214
5.0	0.019655335088882144	0.019655335088882144	0.019655335088882144	0.019655335088882144
5.1	0.01965533508888214	0.01965533508888214	0.01965533508888214	0.01965533508888214
5.2	0.01965533508888214	0.01965533508888214	0.01965533508888214	0.01965533508888214
5.3	0.01965533508888214	0.01965533508888214	0.01965533508888214	0.01965533508888214
5.4	0.019655335088882144	0.019655335088882144	0.019655335088882144	0.019655335088882144
5.5	0.01965533508888214	0.01965533508888214	0.01965533508888214	0.01965533508888214
5.6	0.010539220215617186	0.010539220215617186	0.010539220215617186	0.010539220215617186
5.7	0.008076618403246196	0.008076618403246196	0.008076618403246196	0.008076618403246196
5.8	0.005371360274769806	0.005371360274769806	0.005371360274769806	0.005371360274769806
5.9	0.005371360274769806	0.005371360274769806	0.005371360274769806	0.005371360274769806
6.0	0.005371360274769806	0.005371360274769806	0.005371360274769806	0.005371360274769806
6.1	0.0039902257882312355	0.0039902257882312355	0.0039902257882312355	0.0039902257882312355
6.2	0.0031181621359443806	0.0031181621359443806	0.0031181621359443806	0.0031181621359443806
6.300000000000001	0.002252235266776581	0.002252235266776581	0.002252235266776581	0.002252235266776581
6.4	0.002252235266776581	0.002252235266776581	0.002252235266776581	0.002252235266776581
6.5	0.0018651255716789887	0.0018651255716789887	0.0018651255716789887	0.0018651255716789887
6.6	0.0014374516713014961	0.0014374516713014961	0.0014374516713014961	0.0014374516713014961
6.7	0.0010776186666745216	0.0010776186666745216	0.0010776186666745216	0.0010776186666745216
6.800000000000001	0.0009312369209990604	0.0009312369209990604	0.0009312369209990604	0.0009312369209990604
6.9	0.0007095083693660014	0.0007095083693660014	0.0007095083693660014	0.0007095083693660014
7.0	0.0006332853437362719	0.0006332853437362719	0.0006332853437362719	0.0006332853437362719
7.1	0.0005334560698512651	0.0005334560698512651	0.0005334560698512651	0.0005334560698512651
7.2	0.000419088810335033	0.000419088810335033	0.000419088810335033	0.000419088810335033
7.300000000000001	0.000419088810335033	0.000419088810335033	0.000419088810335033	0.000419088810335033
7.4	0.0003858607265894195	0.0003858607265894195	0.0003858607265894195	0.0003858607265894195
7.5	0.00035806001172202764	0.00035806001172202764	0.00035806001172202764	0.00035806001172202764
7.6	0.00030658558384741156	0.00030658558384741156	0.00030658558384741156	0.00030658558384741156
7.7	0.0002606514188674704	0.0002606514188674704	0.0002606514188674704	0.0002606514188674704
7.800000000000001	0.00019456154671013164	0.00019456154671013164	0.00019456154671013164	0.00019456154671013164
7.9	0.00014780197752998646	0.00014780197752998646	0.00014780197752998646	0.00014780197752998646
8.0	6.530815034143565e-05	6.530815034143565e-05	6.530815034143565e-05	6.530815034143565e-05
8.100000000000001	2.9880380244590464e-06	2.9880380244590464e-06	2.9880380244590464e-06	2.9880380244590464e-06
8.2	0.0	0.0	0.0	0.0
8.3	0.0	0.0	0.0	0.0
8.4	0.0	0.0	0.0	0.0
8.5	0.0	0.0	0.0	0.0
8.600000000000001	0.0	0.0	0.0	0.0
8.7	0.0	0.0	0.0	0.0
8.8	0.0	0.0	0.0	0.0
8.9	0.0	0.0	0.0	0.0
9.0	0.0	0.0	0.0	0.0
9.100000000000001	0.0	0.0	0.0	0.0
9.2	0.0	0.0	0.0	0.0
9.3	0.0	0.0	0.0	0.0
9.4	0.0	0.0	0.0	0.0
9.5	0.0	0.0	0.0	0.0
9.600000000000001	0.0	0.0	0.0	0.0
9.7	0.0	0.0	0.0	0.0
9.8	0.0	0.0	0.0	0.0
9.9	0.0	0.0	0.0	0.0
