4.0	0.288091532312556	0.288091532312556	0.288091532312556	0.288091532312556
4.1	0.288091532312556	0.288091532312556	0.288091532312556	0.288091532312556
4.2	0.288091532312556	0.288091532312556	0.288091532312556	0.288091532312556
4.3	0.288091532312556	0.288091532312556	0.288091532312556	0.288091532312556
4.4	0.288091532312556	0.288091532312556	0.288091532312556	0.288091532312556
4.5	0.288091532312556	0.288091532312556	0.288091532312556	0.288091532312556
4.6	0.288091532312556	0.288091532312556	0.288091532312556	0.288091532312556
4.7	0.288091532312556	0.288091532312556	0.288091532312556	0.288091532312556
4.8	0.288091532312556	0.288091532312556	0.288091532312556	0.288091532312556
4.9	0.288091532312556	0.288091532312556	0.288091532312556	0.288091532312556
5.0	0.288091532312556	0.288091532312556	0.288091532312556	0.288091532312556
5.1	0.288091532312556	0.288091532312556	0.288091532312556	0.288091532312556
5.2	0.288091532312556	0.288091532312556	0.288091532312556	0.288091532312556
5.3	0.288091532312556	0.288091532312556	0.288091532312556	0.288091532312556
5.4	0.288091532312556	0.288091532312556	0.288091532312556	0.288091532312556
5.5	0.288091532312556	0.288091532312556	0.288091532312556	0.288091532312556
5.6	0.256240003052579	0.256240003052579	0.256240003052579	0.256240003052579
5.7	0.17972992409284508	0.17972992409284508	0.17972992409284508	0.17972992409284508
5.8	0.15786089218838115	0.15786089218838115	0.15786089218838115	0.15786089218838115
5.9	0.13400549440089343	0.13400549440089343	0.13400549440089343	0.13400549440089343
6.0	0.1100694310697655	0.1100694310697655	0.1100694310697655	0.1100694310697655
6.1	0.09675488166409656	0.09675488166409656	0.09675488166409656	0.09675488166409656
6.2	0.08358189849738701	0.08358189849738701	0.08358189849738701	0.08358189849738701
6.300000000000001	0.07653880558679677	0.07653880558679677	0.07653880558679677	0.07653880558679677
6.4	0.07057764339382135	0.07057764339382135	0.07057764339382135	0.07057764339382135
6.5	0.060746607727007754	0.060746607727007754	0.060746607727007754	0.060746607727007754
6.6	0.051915760666807614	0.051915760666807614	0.051915760666807614	0.051915760666807614
6.7	0.04391165813651973	0.04391165813651973	0.04391165813651973	0.04391165813651973
6.800000000000001	0.038003845828079946	0.038003845828079946	0.038003845828079946	0.038003845828079946
6.9	0.03368665929092948	0.03368665929092948	0.03368665929092948	0.03368665929092948
7.0	0.030505236531668534	0.030505236531668534	0.030505236531668534	0.030505236531668534
7.1	0.024782553881285377	0.024782553881285377	0.024782553881285377	0.024782553881285377
7.2	0.020472965400781706	0.020472965400781706	0.020472965400781706	0.020472965400781706
7.300000000000001	0.017381380758947566	0.017381380758947566	0.017381380758947566	0.017381380758947566
7.4	0.0160145135885401	0.0160145135885401	0.0160145135885401	0.0160145135885401
7.5	0.014203603149880126	0.014203603149880126	0.014203603149880126	0.014203603149880126
7.6	0.013070404872007911	0.013070404872007911	0.013070404872007911	0.013070404872007911
7.7	0.011491214061020969	0.011491214061020969	0.011491214061020969	0.011491214061020969
7.800000000000001	0.009532224421622677	0.009532224421622677	0.009532224421622677	0.009532224421622677
7.9	0.007639791762021802	0.007639791762021802	0.007639791762021802	0.007639791762021802
8.0	0.006572178319463893	0.006572178319463893	0.006572178319463893	0.006572178319463893
8.100000000000001	0.004697516769982257	0.004697516769982257	0.004697516769982257	0.004697516769982257
8.2	0.002466158948932257	0.002466158948932257	0.002466158948932257	0.002466158948932257
8.3	0.0010575411362112042	0.0010575411362112042	0.0010575411362112042	0.0010575411362112042
8.4	0.0	0.0	0.0	0.0
8.5	0.0	0.0	0.0	0.0
8.600000000000001	0.0	0.0	0.0	0.0
8.7	0.0	0.0	0.0	0.0
8.8	0.0	0.0	0.0	0.0
8.9	0.0	0.0	0.0	0.0
9.0	0.0	0.0	0.0	0.0
9.100000000000001	0.0	0.0	0.0	0.0
9.2	0.0	0.0	0.0	0.0
9.3	0.0	0.0	0.0	0.0
9.4	0.0	0.0	0.0	0.0
9.5	0.0	0.0	0.0	0.0
9.600000000000001	0.0	0.0	0.0	0.0
9.7	0.0	0.0	0.0	0.0
9.8	0.0	0.0	0.0	0.0
9.9	0.0	0.0	0.0	0.0
