4.0	0.007267170954724338	0.007267170954724338	0.007267170954724338	0.007267170954724338
4.1	0.007267170954724338	0.007267170954724338	0.007267170954724338	0.007267170954724338
4.2	0.007267170954724338	0.007267170954724338	0.007267170954724338	0.007267170954724338
4.3	0.007267170954724338	0.007267170954724338	0.007267170954724338	0.007267170954724338
4.4	0.007267170954724338	0.007267170954724338	0.007267170954724338	0.007267170954724338
4.5	0.007267170954724338	0.007267170954724338	0.007267170954724338	0.007267170954724338
4.6	0.007267170954724338	0.007267170954724338	0.007267170954724338	0.007267170954724338
4.7	0.007267170954724338	0.007267170954724338	0.007267170954724338	0.007267170954724338
4.8	0.007267170954724338	0.007267170954724338	0.007267170954724338	0.007267170954724338
4.9	0.007267170954724338	0.007267170954724338	0.007267170954724338	0.007267170954724338
5.0	0.007267170954724338	0.007267170954724338	0.007267170954724338	0.007267170954724338
5.1	0.007267170954724338	0.007267170954724338	0.007267170954724338	0.007267170954724338
5.2	0.007267170954724338	0.007267170954724338	0.007267170954724338	0.007267170954724338
5.3	0.007267170954724338	0.007267170954724338	0.007267170954724338	0.007267170954724338
5.4	0.007267170954724338	0.007267170954724338	0.007267170954724338	0.007267170954724338
5.5	0.007267170954724338	0.007267170954724338	0.007267170954724338	0.007267170954724338
5.6	0.007267170954724338	0.007267170954724338	0.007267170954724338	0.007267170954724338
5.7	0.003839668095411607	0.003839668095411607	0.003839668095411607	0.003839668095411607
5.8	0.0038396680954116066	0.0038396680954116066	0.0038396680954116066	0.0038396680954116066
5.9	0.0038396680954116066	0.0038396680954116066	0.0038396680954116066	0.0038396680954116066
6.0	0.003573279049309018	0.003573279049309018	0.003573279049309018	0.003573279049309018
6.1	0.003077207978319296	0.003077207978319296	0.003077207978319296	0.003077207978319296
6.2	0.0013705918048009932	0.0013705918048009932	0.0013705918048009932	0.0013705918048009932
6.300000000000001	0.0010788176125632746	0.0010788176125632746	0.0010788176125632746	0.0010788176125632746
6.4	0.0010788176125632746	0.0010788176125632746	0.0010788176125632746	0.0010788176125632746
6.5	0.0010788176125632746	0.0010788176125632746	0.0010788176125632746	0.0010788176125632746
6.6	0.0009104065907396693	0.0009104065907396693	0.0009104065907396693	0.0009104065907396693
6.7	0.0009104065907396693	0.0009104065907396693	0.0009104065907396693	0.0009104065907396693
6.800000000000001	0.0008808098730541743	0.0008808098730541743	0.0008808098730541743	0.0008808098730541743
6.9	0.0007431934823495757	0.0007431934823495757	0.0007431934823495757	0.0007431934823495757
7.0	0.0007431934823495755	0.0007431934823495755	0.0007431934823495755	0.0007431934823495755
7.1	0.000558836995108194	0.000558836995108194	0.000558836995108194	0.000558836995108194
7.2	0.00046242069423024546	0.00046242069423024546	0.00046242069423024546	0.00046242069423024546
7.300000000000001	0.00042996759514622826	0.00042996759514622826	0.00042996759514622826	0.00042996759514622826
7.4	0.0003500981338142188	0.0003500981338142188	0.0003500981338142188	0.0003500981338142188
7.5	0.0002495166697454849	0.0002495166697454849	0.0002495166697454849	0.0002495166697454849
7.6	0.00019588670464388305	0.00019588670464388305	0.00019588670464388305	0.00019588670464388305
7.7	0.00011567241146436823	0.00011567241146436823	0.00011567241146436823	0.00011567241146436823
7.800000000000001	0.0	0.0	0.0	0.0
7.9	0.0	0.0	0.0	0.0
8.0	0.0	0.0	0.0	0.0
8.100000000000001	0.0	0.0	0.0	0.0
8.2	0.0	0.0	0.0	0.0
8.3	0.0	0.0	0.0	0.0
8.4	0.0	0.0	0.0	0.0
8.5	0.0	0.0	0.0	0.0
8.600000000000001	0.0	0.0	0.0	0.0
8.7	0.0	0.0	0.0	0.0
8.8	0.0	0.0	0.0	0.0
8.9	0.0	0.0	0.0	0.0
9.0	0.0	0.0	0.0	0.0
9.100000000000001	0.0	0.0	0.0	0.0
9.2	0.0	0.0	0.0	0.0
9.3	0.0	0.0	0.0	0.0
9.4	0.0	0.0	0.0	0.0
9.5	0.0	0.0	0.0	0.0
9.600000000000001	0.0	0.0	0.0	0.0
9.7	0.0	0.0	0.0	0.0
9.8	0.0	0.0	0.0	0.0
9.9	0.0	0.0	0.0	0.0
