4.0	0.012170677824536352	0.012170677824536352	0.012170677824536352	0.012170677824536352
4.1	0.012170677824536352	0.012170677824536352	0.012170677824536352	0.012170677824536352
4.2	0.012170677824536352	0.012170677824536352	0.012170677824536352	0.012170677824536352
4.3	0.012170677824536352	0.012170677824536352	0.012170677824536352	0.012170677824536352
4.4	0.012170677824536352	0.012170677824536352	0.012170677824536352	0.012170677824536352
4.5	0.012170677824536352	0.012170677824536352	0.012170677824536352	0.012170677824536352
4.6	0.012170677824536352	0.012170677824536352	0.012170677824536352	0.012170677824536352
4.7	0.012170677824536352	0.012170677824536352	0.012170677824536352	0.012170677824536352
4.8	0.012170677824536352	0.012170677824536352	0.012170677824536352	0.012170677824536352
4.9	0.012170677824536352	0.012170677824536352	0.012170677824536352	0.012170677824536352
5.0	0.012170677824536352	0.012170677824536352	0.012170677824536352	0.012170677824536352
5.1	0.012170677824536352	0.012170677824536352	0.012170677824536352	0.012170677824536352
5.2	0.012170677824536352	0.012170677824536352	0.012170677824536352	0.012170677824536352
5.3	0.012170677824536352	0.012170677824536352	0.012170677824536352	0.012170677824536352
5.4	0.012170677824536352	0.012170677824536352	0.012170677824536352	0.012170677824536352
5.5	0.012170677824536352	0.012170677824536352	0.012170677824536352	0.012170677824536352
5.6	0.005266312989801023	0.005266312989801023	0.005266312989801023	0.005266312989801023
5.7	0.005255279319420434	0.005255279319420434	0.005255279319420434	0.005255279319420434
5.8	0.0052552793194204335	0.0052552793194204335	0.0052552793194204335	0.0052552793194204335
5.9	0.0052552793194204335	0.0052552793194204335	0.0052552793194204335	0.0052552793194204335
6.0	0.0052435346374701645	0.0052435346374701645	0.0052435346374701645	0.0052435346374701645
6.1	0.005243534637470165	0.005243534637470165	0.005243534637470165	0.005243534637470165
6.2	0.00521802740395872	0.00521802740395872	0.00521802740395872	0.00521802740395872
6.300000000000001	0.004319307652580486	0.004319307652580486	0.004319307652580486	0.004319307652580486
6.4	0.004319307652580486	0.004319307652580486	0.004319307652580486	0.004319307652580486
6.5	0.0032966228517254895	0.0032966228517254895	0.0032966228517254895	0.0032966228517254895
6.6	0.0032966228517254895	0.0032966228517254895	0.0032966228517254895	0.0032966228517254895
6.7	0.003295576105844864	0.003295576105844864	0.003295576105844864	0.003295576105844864
6.800000000000001	0.0024115159515977207	0.0024115159515977207	0.0024115159515977207	0.0024115159515977207
6.9	0.0020899161091341616	0.0020899161091341616	0.0020899161091341616	0.0020899161091341616
7.0	0.001837829815505607	0.001837829815505607	0.001837829815505607	0.001837829815505607
7.1	0.0017787011099706994	0.0017787011099706994	0.0017787011099706994	0.0017787011099706994
7.2	0.0014721535752877071	0.0014721535752877071	0.0014721535752877071	0.0014721535752877071
7.300000000000001	0.0013012634399998434	0.0013012634399998434	0.0013012634399998434	0.0013012634399998434
7.4	0.0012004017491637402	0.0012004017491637402	0.0012004017491637402	0.0012004017491637402
7.5	0.0009674311573069974	0.0009674311573069974	0.0009674311573069974	0.0009674311573069974
7.6	0.0008257923196277133	0.0008257923196277133	0.0008257923196277133	0.0008257923196277133
7.7	0.0006229505545530751	0.0006229505545530751	0.0006229505545530751	0.0006229505545530751
7.800000000000001	0.0004941612286430131	0.0004941612286430131	0.0004941612286430131	0.0004941612286430131
7.9	0.0003318940671430203	0.0003318940671430203	0.0003318940671430203	0.0003318940671430203
8.0	0.00021821982077093545	0.00021821982077093545	0.00021821982077093545	0.00021821982077093545
8.100000000000001	4.488285810216399e-05	4.488285810216399e-05	4.488285810216399e-05	4.488285810216399e-05
8.2	0.0	0.0	0.0	0.0
8.3	0.0	0.0	0.0	0.0
8.4	0.0	0.0	0.0	0.0
8.5	0.0	0.0	0.0	0.0
8.600000000000001	0.0	0.0	0.0	0.0
8.7	0.0	0.0	0.0	0.0
8.8	0.0	0.0	0.0	0.0
8.9	0.0	0.0	0.0	0.0
9.0	0.0	0.0	0.0	0.0
9.100000000000001	0.0	0.0	0.0	0.0
9.2	0.0	0.0	0.0	0.0
9.3	0.0	0.0	0.0	0.0
9.4	0.0	0.0	0.0	0.0
9.5	0.0	0.0	0.0	0.0
9.600000000000001	0.0	0.0	0.0	0.0
9.7	0.0	0.0	0.0	0.0
9.8	0.0	0.0	0.0	0.0
9.9	0.0	0.0	0.0	0.0
