4.0	0.0022575514095572297	0.0022575514095572297	0.0022575514095572297	0.0022575514095572297
4.1	0.0022575514095572297	0.0022575514095572297	0.0022575514095572297	0.0022575514095572297
4.2	0.0022575514095572297	0.0022575514095572297	0.0022575514095572297	0.0022575514095572297
4.3	0.0022575514095572297	0.0022575514095572297	0.0022575514095572297	0.0022575514095572297
4.4	0.0022575514095572297	0.0022575514095572297	0.0022575514095572297	0.0022575514095572297
4.5	0.0022575514095572297	0.0022575514095572297	0.0022575514095572297	0.0022575514095572297
4.6	0.0022575514095572297	0.0022575514095572297	0.0022575514095572297	0.0022575514095572297
4.7	0.0022575514095572297	0.0022575514095572297	0.0022575514095572297	0.0022575514095572297
4.8	0.0022575514095572297	0.0022575514095572297	0.0022575514095572297	0.0022575514095572297
4.9	0.0022575514095572297	0.0022575514095572297	0.0022575514095572297	0.0022575514095572297
5.0	0.0022575514095572297	0.0022575514095572297	0.0022575514095572297	0.0022575514095572297
5.1	0.0022575514095572297	0.0022575514095572297	0.0022575514095572297	0.0022575514095572297
5.2	0.0022575514095572297	0.0022575514095572297	0.0022575514095572297	0.0022575514095572297
5.3	0.0022575514095572297	0.0022575514095572297	0.0022575514095572297	0.0022575514095572297
5.4	0.0022575514095572297	0.0022575514095572297	0.0022575514095572297	0.0022575514095572297
5.5	0.0022575514095572297	0.0022575514095572297	0.0022575514095572297	0.0022575514095572297
5.6	0.0022575514095572297	0.0022575514095572297	0.0022575514095572297	0.0022575514095572297
5.7	0.0022575514095572297	0.0022575514095572297	0.0022575514095572297	0.0022575514095572297
5.8	0.0017152009599554338	0.0017152009599554338	0.0017152009599554338	0.0017152009599554338
5.9	0.0017152009599554338	0.0017152009599554338	0.0017152009599554338	0.0017152009599554338
6.0	0.0017152009599554336	0.0017152009599554336	0.0017152009599554336	0.0017152009599554336
6.1	0.00130813072669943	0.00130813072669943	0.00130813072669943	0.00130813072669943
6.2	0.0011470098647150281	0.0011470098647150281	0.0011470098647150281	0.0011470098647150281
6.300000000000001	0.0011470098647150281	0.0011470098647150281	0.0011470098647150281	0.0011470098647150281
6.4	0.0010912058311922932	0.0010912058311922932	0.0010912058311922932	0.0010912058311922932
6.5	0.0007414142855625017	0.0007414142855625017	0.0007414142855625017	0.0007414142855625017
6.6	0.0006017305902096245	0.0006017305902096245	0.0006017305902096245	0.0006017305902096245
6.7	0.000504375616945408	0.000504375616945408	0.000504375616945408	0.000504375616945408
6.800000000000001	0.0004007057198896632	0.0004007057198896632	0.0004007057198896632	0.0004007057198896632
6.9	0.00037375569152077036	0.00037375569152077036	0.00037375569152077036	0.00037375569152077036
7.0	0.00029780630062219973	0.00029780630062219973	0.00029780630062219973	0.00029780630062219973
7.1	0.000256127650143351	0.000256127650143351	0.000256127650143351	0.000256127650143351
7.2	0.00022712774091174063	0.00022712774091174063	0.00022712774091174063	0.00022712774091174063
7.300000000000001	0.0001619384988187316	0.0001619384988187316	0.0001619384988187316	0.0001619384988187316
7.4	0.0001396303135277991	0.0001396303135277991	0.0001396303135277991	0.0001396303135277991
7.5	5.6432431102093684e-05	5.6432431102093684e-05	5.6432431102093684e-05	5.6432431102093684e-05
7.6	2.296070983710703e-05	2.296070983710703e-05	2.296070983710703e-05	2.296070983710703e-05
7.7	5.55444139040987e-06	5.55444139040987e-06	5.55444139040987e-06	5.55444139040987e-06
7.800000000000001	0.0	0.0	0.0	0.0
7.9	0.0	0.0	0.0	0.0
8.0	0.0	0.0	0.0	0.0
8.100000000000001	0.0	0.0	0.0	0.0
8.2	0.0	0.0	0.0	0.0
8.3	0.0	0.0	0.0	0.0
8.4	0.0	0.0	0.0	0.0
8.5	0.0	0.0	0.0	0.0
8.600000000000001	0.0	0.0	0.0	0.0
8.7	0.0	0.0	0.0	0.0
8.8	0.0	0.0	0.0	0.0
8.9	0.0	0.0	0.0	0.0
9.0	0.0	0.0	0.0	0.0
9.100000000000001	0.0	0.0	0.0	0.0
9.2	0.0	0.0	0.0	0.0
9.3	0.0	0.0	0.0	0.0
9.4	0.0	0.0	0.0	0.0
9.5	0.0	0.0	0.0	0.0
9.600000000000001	0.0	0.0	0.0	0.0
9.7	0.0	0.0	0.0	0.0
9.8	0.0	0.0	0.0	0.0
9.9	0.0	0.0	0.0	0.0
