4.0	0.0021727282877939185	0.0021727282877939185	0.0021727282877939185	0.0021727282877939185
4.1	0.0021727282877939185	0.0021727282877939185	0.0021727282877939185	0.0021727282877939185
4.2	0.0021727282877939185	0.0021727282877939185	0.0021727282877939185	0.0021727282877939185
4.3	0.0021727282877939185	0.0021727282877939185	0.0021727282877939185	0.0021727282877939185
4.4	0.0021727282877939185	0.0021727282877939185	0.0021727282877939185	0.0021727282877939185
4.5	0.0021727282877939185	0.0021727282877939185	0.0021727282877939185	0.0021727282877939185
4.6	0.0021727282877939185	0.0021727282877939185	0.0021727282877939185	0.0021727282877939185
4.7	0.0021727282877939185	0.0021727282877939185	0.0021727282877939185	0.0021727282877939185
4.8	0.0021727282877939185	0.0021727282877939185	0.0021727282877939185	0.0021727282877939185
4.9	0.0021727282877939185	0.0021727282877939185	0.0021727282877939185	0.0021727282877939185
5.0	0.0021727282877939185	0.0021727282877939185	0.0021727282877939185	0.0021727282877939185
5.1	0.0021727282877939185	0.0021727282877939185	0.0021727282877939185	0.0021727282877939185
5.2	0.0021727282877939185	0.0021727282877939185	0.0021727282877939185	0.0021727282877939185
5.3	0.0021727282877939185	0.0021727282877939185	0.0021727282877939185	0.0021727282877939185
5.4	0.0021727282877939185	0.0021727282877939185	0.0021727282877939185	0.0021727282877939185
5.5	0.0021727282877939185	0.0021727282877939185	0.0021727282877939185	0.0021727282877939185
5.6	0.0021727282877939185	0.0021727282877939185	0.0021727282877939185	0.0021727282877939185
5.7	0.0021727282877939185	0.0021727282877939185	0.0021727282877939185	0.0021727282877939185
5.8	0.0018446908747801786	0.0018446908747801786	0.0018446908747801786	0.0018446908747801786
5.9	0.001620330466156258	0.001620330466156258	0.001620330466156258	0.001620330466156258
6.0	0.001620330466156258	0.001620330466156258	0.001620330466156258	0.001620330466156258
6.1	0.001275099761008915	0.001275099761008915	0.001275099761008915	0.001275099761008915
6.2	0.0009971767904520229	0.0009971767904520229	0.0009971767904520229	0.0009971767904520229
6.300000000000001	0.0009497184438254653	0.0009497184438254653	0.0009497184438254653	0.0009497184438254653
6.4	0.0008839224849870783	0.0008839224849870783	0.0008839224849870783	0.0008839224849870783
6.5	0.0008839224849870782	0.0008839224849870782	0.0008839224849870782	0.0008839224849870782
6.6	0.0008656803901052551	0.0008656803901052551	0.0008656803901052551	0.0008656803901052551
6.7	0.0008571779185571971	0.0008571779185571971	0.0008571779185571971	0.0008571779185571971
6.800000000000001	0.0008290879037404931	0.0008290879037404931	0.0008290879037404931	0.0008290879037404931
6.9	0.0006109346530958081	0.0006109346530958081	0.0006109346530958081	0.0006109346530958081
7.0	0.0005685021877481556	0.0005685021877481556	0.0005685021877481556	0.0005685021877481556
7.1	0.0005123207278322811	0.0005123207278322811	0.0005123207278322811	0.0005123207278322811
7.2	0.00045439389971442095	0.00045439389971442095	0.00045439389971442095	0.00045439389971442095
7.300000000000001	0.00035450285067084147	0.00035450285067084147	0.00035450285067084147	0.00035450285067084147
7.4	0.0003084067886140567	0.0003084067886140567	0.0003084067886140567	0.0003084067886140567
7.5	0.0002316156546987383	0.0002316156546987383	0.0002316156546987383	0.0002316156546987383
7.6	0.00014117330463926244	0.00014117330463926244	0.00014117330463926244	0.00014117330463926244
7.7	7.252870397527747e-05	7.252870397527747e-05	7.252870397527747e-05	7.252870397527747e-05
7.800000000000001	1.486016022262601e-05	1.486016022262601e-05	1.486016022262601e-05	1.486016022262601e-05
7.9	8.939697698846474e-07	8.939697698846474e-07	8.939697698846474e-07	8.939697698846474e-07
8.0	0.0	0.0	0.0	0.0
8.100000000000001	0.0	0.0	0.0	0.0
8.2	0.0	0.0	0.0	0.0
8.3	0.0	0.0	0.0	0.0
8.4	0.0	0.0	0.0	0.0
8.5	0.0	0.0	0.0	0.0
8.600000000000001	0.0	0.0	0.0	0.0
8.7	0.0	0.0	0.0	0.0
8.8	0.0	0.0	0.0	0.0
8.9	0.0	0.0	0.0	0.0
9.0	0.0	0.0	0.0	0.0
9.100000000000001	0.0	0.0	0.0	0.0
9.2	0.0	0.0	0.0	0.0
9.3	0.0	0.0	0.0	0.0
9.4	0.0	0.0	0.0	0.0
9.5	0.0	0.0	0.0	0.0
9.600000000000001	0.0	0.0	0.0	0.0
9.7	0.0	0.0	0.0	0.0
9.8	0.0	0.0	0.0	0.0
9.9	0.0	0.0	0.0	0.0
