rup_id	involved_faults
0	0 
1	1 
2	2 
3	3 
4	4 
5	5 
6	6 
7	7 
8	8 
9	9 
10	10 
11	11 
12	12 
13	13 
14	14 
15	15 
16	16 
17	17 
18	18 
19	19 
20	20 
21	21 
22	22 
23	23 
24	24 
25	25 
26	26 
27	27 
28	28 
29	29 
30	30 
31	31 
32	32 
33	33 
34	34 
35	35 
36	36 
37	37 
38	38 
39	39 
40	40 
41	41 
42	42 
43	43 
44	44 
45	45 
46	46 
47	47 
48	48 
49	49 
50	50 
51	51 
52	52 
53	53 
54	54 
55	55 
56	56 
57	57 
58	58 
59	59 
60	60 
61	61 
62	62 
63	63 
64	64 
65	65 
66	66 
67	67 
68	68 
69	69 
70	70 
71	71 
72	72 
73	73 
74	74 
75	75 
76	76 
77	77 
78	78 
79	79 
80	80 
81	81 
82	82 
83	83 
84	84 
85	85 
86	86 
87	87 
88	88 
89	89 
90	90 
91	91 
92	92 
93	93 
94	94 
95	95 
96	96 
97	97 
98	98 
99	99 
100	100 
101	101 
102	102 
103	103 
104	104 
105	105 
106	106 
107	107 
108	108 
109	109 
110	110 
111	111 
112	112 
113	113 
114	114 
115	115 
116	116 
117	117 
118	118 
119	119 
120	120 
121	121 
122	122 
123	123 
124	124 
125	125 
126	126 
127	127 
128	128 
129	129 
130	130 
131	131 
132	132 
133	133 
134	134 
135	135 
136	136 
137	137 
138	138 
139	139 
140	140 
141	141 
142	142 
143	143 
144	144 
145	145 
146	146 
147	147 
148	148 
149	149 
150	150 
151	151 
152	152 
153	153 
154	154 
155	155 
156	156 
157	157 
158	158 
159	159 
160	160 
161	161 
162	162 
163	163 
164	164 
165	165 
166	166 
167	167 
168	168 
169	169 
170	170 
171	171 
172	172 
173	173 
174	174 
175	175 
176	176 
177	177 
178	178 
179	179 
180	180 
181	181 
182	182 
183	183 
184	184 
185	185 
186	186 
187	187 
188	188 
189	189 
190	190 
191	191 
192	192 
193	193 
194	194 
195	195 
196	196 
197	197 
198	198 
199	199 
200	200 
201	201 
202	202 
203	203 
204	204 
205	205 
206	206 
207	207 
208	208 
209	209 
210	210 
211	211 
212	212 
213	213 
214	214 
215	215 
216	216 
217	217 
218	218 
219	219 
220	220 
221	221 
222	222 
223	223 
224	224 
225	225 
226	226 
227	227 
228	228 
229	229 
230	230 
231	231 
232	232 
233	233 
234	234 
235	235 
236	236 
237	237 
238	238 
239	239 
240	240 
241	241 
242	242 
243	243 
244	244 
245	245 
246	246 
247	247 
248	248 
249	249 
250	250 
251	251 
252	252 
253	253 
254	254 
255	255 
256	256 
257	257 
258	258 
259	259 
260	260 
261	261 
262	262 
263	0 1 
264	0 1 2 
265	0 1 2 3 
266	0 1 2 3 4 
267	0 1 2 3 4 5 
268	1 2 
269	1 2 3 
270	1 2 3 4 
271	1 2 3 4 5 
272	2 3 
273	2 3 4 
274	2 3 4 5 
275	3 4 
276	3 4 5 
277	4 5 
278	6 7 
279	6 7 8 
280	6 7 8 9 
281	6 7 8 9 10 
282	6 7 8 9 10 11 
283	7 8 
284	7 8 9 
285	7 8 9 10 
286	7 8 9 10 11 
287	8 9 
288	8 9 10 
289	8 9 10 11 
290	9 10 
291	9 10 11 
292	10 11 
293	12 13 
294	12 13 14 
295	12 13 14 15 
296	12 13 14 15 16 
297	12 13 14 15 16 17 
298	13 14 
299	13 14 15 
300	13 14 15 16 
301	13 14 15 16 17 
302	14 15 
303	14 15 16 
304	14 15 16 17 
305	15 16 
306	15 16 17 
307	16 17 
308	18 19 
309	18 19 20 
310	18 19 20 21 
311	18 19 20 21 22 
312	18 19 20 21 22 23 
313	19 20 
314	19 20 21 
315	19 20 21 22 
316	19 20 21 22 23 
317	20 21 
318	20 21 22 
319	20 21 22 23 
320	21 22 
321	21 22 23 
322	22 23 
323	24 25 
324	24 25 26 
325	24 25 26 27 
326	24 25 26 27 28 
327	24 25 26 27 28 29 
328	25 26 
329	25 26 27 
330	25 26 27 28 
331	25 26 27 28 29 
332	26 27 
333	26 27 28 
334	26 27 28 29 
335	27 28 
336	27 28 29 
337	28 29 
338	30 31 
339	30 31 32 
340	30 31 32 33 
341	30 31 32 33 34 
342	30 31 32 33 34 35 
343	31 32 
344	31 32 33 
345	31 32 33 34 
346	31 32 33 34 35 
347	32 33 
348	32 33 34 
349	32 33 34 35 
350	33 34 
351	33 34 35 
352	34 35 
353	36 37 
354	36 37 38 
355	36 37 38 39 
356	36 37 38 39 40 
357	36 37 38 39 40 41 
358	37 38 
359	37 38 39 
360	37 38 39 40 
361	37 38 39 40 41 
362	38 39 
363	38 39 40 
364	38 39 40 41 
365	39 40 
366	39 40 41 
367	40 41 
368	42 43 
369	42 43 44 
370	42 43 44 45 
371	42 43 44 45 46 
372	42 43 44 45 46 47 
373	43 44 
374	43 44 45 
375	43 44 45 46 
376	43 44 45 46 47 
377	44 45 
378	44 45 46 
379	44 45 46 47 
380	45 46 
381	45 46 47 
382	46 47 
383	48 49 
384	48 49 50 
385	48 49 50 51 
386	48 49 50 51 52 
387	49 50 
388	49 50 51 
389	49 50 51 52 
390	50 51 
391	50 51 52 
392	51 52 
393	53 54 
394	53 54 55 
395	53 54 55 56 
396	53 54 55 56 57 
397	54 55 
398	54 55 56 
399	54 55 56 57 
400	55 56 
401	55 56 57 
402	56 57 
403	58 59 
404	58 59 60 
405	58 59 60 61 
406	58 59 60 61 62 
407	58 59 60 61 62 63 
408	59 60 
409	59 60 61 
410	59 60 61 62 
411	59 60 61 62 63 
412	60 61 
413	60 61 62 
414	60 61 62 63 
415	61 62 
416	61 62 63 
417	62 63 
418	64 65 
419	64 65 66 
420	65 66 
421	67 68 
422	69 70 
423	69 70 71 
424	70 71 
425	72 73 
426	75 76 
427	75 76 77 
428	75 76 77 78 
429	76 77 
430	76 77 78 
431	77 78 
432	79 80 
433	79 80 81 
434	80 81 
435	82 83 
436	85 86 
437	87 88 
438	87 88 89 
439	87 88 89 90 
440	88 89 
441	88 89 90 
442	89 90 
443	91 92 
444	91 92 93 
445	92 93 
446	94 95 
447	94 95 96 
448	94 95 96 97 
449	95 96 
450	95 96 97 
451	96 97 
452	98 99 
453	98 99 100 
454	98 99 100 101 
455	98 99 100 101 102 
456	99 100 
457	99 100 101 
458	99 100 101 102 
459	100 101 
460	100 101 102 
461	101 102 
462	103 104 
463	105 106 
464	105 106 107 
465	105 106 107 108 
466	106 107 
467	106 107 108 
468	107 108 
469	109 110 
470	109 110 111 
471	110 111 
472	112 113 
473	112 113 114 
474	113 114 
475	115 116 
476	115 116 117 
477	116 117 
478	118 119 
479	118 119 120 
480	118 119 120 121 
481	118 119 120 121 122 
482	119 120 
483	119 120 121 
484	119 120 121 122 
485	120 121 
486	120 121 122 
487	121 122 
488	123 124 
489	123 124 125 
490	123 124 125 126 
491	123 124 125 126 127 
492	123 124 125 126 127 128 
493	124 125 
494	124 125 126 
495	124 125 126 127 
496	124 125 126 127 128 
497	125 126 
498	125 126 127 
499	125 126 127 128 
500	126 127 
501	126 127 128 
502	127 128 
503	129 130 
504	129 130 131 
505	130 131 
506	132 133 
507	132 133 134 
508	132 133 134 135 
509	133 134 
510	133 134 135 
511	134 135 
512	136 137 
513	136 137 138 
514	136 137 138 139 
515	137 138 
516	137 138 139 
517	138 139 
518	140 141 
519	142 143 
520	144 145 
521	146 147 
522	146 147 148 
523	147 148 
524	149 150 
525	149 150 151 
526	150 151 
527	152 153 
528	152 153 154 
529	153 154 
530	156 157 
531	158 159 
532	158 159 160 
533	159 160 
534	162 163 
535	162 163 164 
536	163 164 
537	165 166 
538	165 166 167 
539	165 166 167 168 
540	165 166 167 168 169 
541	165 166 167 168 169 170 
542	166 167 
543	166 167 168 
544	166 167 168 169 
545	166 167 168 169 170 
546	167 168 
547	167 168 169 
548	167 168 169 170 
549	168 169 
550	168 169 170 
551	169 170 
552	171 172 
553	171 172 173 
554	171 172 173 174 
555	171 172 173 174 175 
556	171 172 173 174 175 176 
557	172 173 
558	172 173 174 
559	172 173 174 175 
560	172 173 174 175 176 
561	173 174 
562	173 174 175 
563	173 174 175 176 
564	174 175 
565	174 175 176 
566	175 176 
567	177 178 
568	177 178 179 
569	177 178 179 180 
570	177 178 179 180 181 
571	178 179 
572	178 179 180 
573	178 179 180 181 
574	179 180 
575	179 180 181 
576	180 181 
577	182 183 
578	182 183 184 
579	182 183 184 185 
580	182 183 184 185 186 
581	182 183 184 185 186 187 
582	183 184 
583	183 184 185 
584	183 184 185 186 
585	183 184 185 186 187 
586	184 185 
587	184 185 186 
588	184 185 186 187 
589	185 186 
590	185 186 187 
591	186 187 
592	189 190 
593	189 190 191 
594	190 191 
595	192 193 
596	192 193 194 
597	193 194 
598	196 197 
599	196 197 198 
600	197 198 
601	199 200 
602	199 200 201 
603	200 201 
604	202 203 
605	202 203 204 
606	203 204 
607	205 206 
608	205 206 207 
609	206 207 
610	208 209 
611	208 209 210 
612	209 210 
613	211 212 
614	211 212 213 
615	212 213 
616	214 215 
617	214 215 216 
618	214 215 216 217 
619	214 215 216 217 218 
620	215 216 
621	215 216 217 
622	215 216 217 218 
623	216 217 
624	216 217 218 
625	217 218 
626	219 220 
627	219 220 221 
628	219 220 221 222 
629	219 220 221 222 223 
630	219 220 221 222 223 224 
631	220 221 
632	220 221 222 
633	220 221 222 223 
634	220 221 222 223 224 
635	221 222 
636	221 222 223 
637	221 222 223 224 
638	222 223 
639	222 223 224 
640	223 224 
641	225 226 
642	228 229 
643	231 232 
644	231 232 233 
645	231 232 233 234 
646	232 233 
647	232 233 234 
648	233 234 
649	235 236 
650	235 236 237 
651	235 236 237 238 
652	236 237 
653	236 237 238 
654	237 238 
655	240 241 
656	240 241 242 
657	241 242 
658	243 244 
659	243 244 245 
660	244 245 
661	246 247 
662	248 249 
663	248 249 250 
664	249 250 
665	251 252 
666	251 252 253 
667	251 252 253 254 
668	251 252 253 254 255 
669	251 252 253 254 255 256 
670	252 253 
671	252 253 254 
672	252 253 254 255 
673	252 253 254 255 256 
674	253 254 
675	253 254 255 
676	253 254 255 256 
677	254 255 
678	254 255 256 
679	255 256 
680	257 258 
681	257 258 259 
682	257 258 259 260 
683	257 258 259 260 261 
684	257 258 259 260 261 262 
685	258 259 
686	258 259 260 
687	258 259 260 261 
688	258 259 260 261 262 
689	259 260 
690	259 260 261 
691	259 260 261 262 
692	260 261 
693	260 261 262 
694	261 262 
695	0 11 
696	0 6 7 8 9 10 11 
697	0 7 8 9 10 11 
698	0 8 9 10 11 
699	0 9 10 11 
700	0 10 11 
701	0 1 11 
702	0 1 6 7 8 9 10 11 
703	0 1 7 8 9 10 11 
704	0 1 8 9 10 11 
705	0 1 9 10 11 
706	0 1 10 11 
707	0 1 2 11 
708	0 1 2 6 7 8 9 10 11 
709	0 1 2 7 8 9 10 11 
710	0 1 2 8 9 10 11 
711	0 1 2 9 10 11 
712	0 1 2 10 11 
713	0 1 2 3 11 
714	0 1 2 3 6 7 8 9 10 11 
715	0 1 2 3 7 8 9 10 11 
716	0 1 2 3 8 9 10 11 
717	0 1 2 3 9 10 11 
718	0 1 2 3 10 11 
719	0 1 2 3 4 11 
720	0 1 2 3 4 6 7 8 9 10 11 
721	0 1 2 3 4 7 8 9 10 11 
722	0 1 2 3 4 8 9 10 11 
723	0 1 2 3 4 9 10 11 
724	0 1 2 3 4 10 11 
725	0 1 2 3 4 5 11 
726	0 1 2 3 4 5 6 7 8 9 10 11 
727	0 1 2 3 4 5 7 8 9 10 11 
728	0 1 2 3 4 5 8 9 10 11 
729	0 1 2 3 4 5 9 10 11 
730	0 1 2 3 4 5 10 11 
731	6 17 
732	6 12 13 14 15 16 17 
733	6 13 14 15 16 17 
734	6 14 15 16 17 
735	6 15 16 17 
736	6 16 17 
737	6 7 17 
738	6 7 12 13 14 15 16 17 
739	6 7 13 14 15 16 17 
740	6 7 14 15 16 17 
741	6 7 15 16 17 
742	6 7 16 17 
743	6 7 8 17 
744	6 7 8 12 13 14 15 16 17 
745	6 7 8 13 14 15 16 17 
746	6 7 8 14 15 16 17 
747	6 7 8 15 16 17 
748	6 7 8 16 17 
749	6 7 8 9 17 
750	6 7 8 9 12 13 14 15 16 17 
751	6 7 8 9 13 14 15 16 17 
752	6 7 8 9 14 15 16 17 
753	6 7 8 9 15 16 17 
754	6 7 8 9 16 17 
755	6 7 8 9 10 12 13 14 15 16 17 
756	6 7 8 9 10 13 14 15 16 17 
757	6 7 8 9 10 11 12 13 14 15 16 17 
758	6 7 8 9 10 11 13 14 15 16 17 
759	6 7 8 9 10 11 14 15 16 17 
760	0 6 7 8 9 10 11 12 13 14 15 16 17 
761	0 1 6 7 8 9 10 11 12 13 14 15 16 17 
762	0 1 6 7 8 9 10 11 13 14 15 16 17 
763	0 1 2 6 7 8 9 10 11 12 13 14 15 16 17 
764	0 1 2 6 7 8 9 10 11 13 14 15 16 17 
765	0 1 2 6 7 8 9 10 11 14 15 16 17 
766	0 1 2 3 6 7 8 9 10 11 17 
767	0 1 2 3 6 7 8 9 10 11 12 13 14 15 16 17 
768	0 1 2 3 6 7 8 9 10 11 13 14 15 16 17 
769	0 1 2 3 4 6 7 8 9 10 11 13 14 15 16 17 
770	0 1 2 3 4 6 7 8 9 10 11 14 15 16 17 
771	0 1 2 3 4 5 6 7 8 9 10 11 17 
772	0 1 2 3 4 5 6 7 8 9 10 11 15 16 17 
773	0 1 2 3 4 5 6 7 8 9 10 11 16 17 
774	18 30 
775	18 30 31 
776	18 30 31 32 
777	18 30 31 32 33 
778	18 30 31 32 33 34 
779	18 30 31 32 33 34 35 
780	18 19 30 
781	18 19 30 31 
782	18 19 30 31 32 
783	18 19 30 31 32 33 
784	18 19 30 31 32 33 34 
785	18 19 30 31 32 33 34 35 
786	18 19 20 30 
787	18 19 20 30 31 
788	18 19 20 30 31 32 
789	18 19 20 30 31 32 33 
790	18 19 20 30 31 32 33 34 
791	18 19 20 30 31 32 33 34 35 
792	18 19 20 21 30 
793	18 19 20 21 30 31 
794	18 19 20 21 30 31 32 
795	18 19 20 21 30 31 32 33 
796	18 19 20 21 30 31 32 33 34 
797	18 19 20 21 30 31 32 33 34 35 
798	18 19 20 21 22 30 
799	18 19 20 21 22 30 31 
800	18 19 20 21 22 30 31 32 
801	18 19 20 21 22 30 31 32 33 
802	18 19 20 21 22 30 31 32 33 34 
803	18 19 20 21 22 30 31 32 33 34 35 
804	18 19 20 21 22 23 30 
805	18 19 20 21 22 23 30 31 
806	18 19 20 21 22 23 30 31 32 
807	18 19 20 21 22 23 30 31 32 33 
808	18 19 20 21 22 23 30 31 32 33 34 
809	18 19 20 21 22 23 30 31 32 33 34 35 
810	18 31 
811	18 31 32 
812	18 31 32 33 
813	18 31 32 33 34 
814	18 31 32 33 34 35 
815	18 19 31 
816	18 19 31 32 
817	18 19 31 32 33 
818	18 19 31 32 33 34 
819	18 19 31 32 33 34 35 
820	18 19 20 31 
821	18 19 20 31 32 
822	18 19 20 31 32 33 
823	18 19 20 31 32 33 34 
824	18 19 20 31 32 33 34 35 
825	18 19 20 21 22 23 31 32 33 34 35 
826	18 42 
827	18 42 43 
828	18 42 43 44 
829	18 42 43 44 45 
830	18 42 43 44 45 46 
831	18 42 43 44 45 46 47 
832	18 19 42 
833	18 19 42 43 44 
834	18 19 42 43 44 45 
835	18 19 42 43 44 45 46 
836	18 19 42 43 44 45 46 47 
837	18 19 20 42 43 44 
838	18 19 20 42 43 44 45 
839	18 19 20 42 43 44 45 46 
840	18 19 20 42 43 44 45 46 47 
841	18 19 20 21 42 43 44 
842	18 19 20 21 42 43 44 45 
843	18 19 20 21 42 43 44 45 46 
844	18 19 20 21 42 43 44 45 46 47 
845	18 19 20 21 22 42 43 
846	18 19 20 21 22 42 43 44 
847	18 19 20 21 22 42 43 44 45 
848	18 19 20 21 22 42 43 44 45 46 
849	18 19 20 21 22 23 42 43 
850	18 19 20 21 22 23 42 43 44 
851	18 19 20 21 22 23 42 43 44 45 
852	18 19 20 21 22 23 42 43 44 45 46 
853	18 30 42 
854	18 30 42 43 
855	18 30 42 43 44 
856	18 30 42 43 44 45 46 
857	18 30 42 43 44 45 46 47 
858	18 30 31 42 
859	18 30 31 42 43 
860	18 30 31 42 43 44 45 46 
861	18 30 31 42 43 44 45 46 47 
862	18 30 31 32 42 
863	18 30 31 32 42 43 44 45 46 
864	18 30 31 32 42 43 44 45 46 47 
865	18 30 31 32 33 42 43 
866	18 30 31 32 33 34 42 
867	18 30 31 32 33 34 42 43 44 
868	18 30 31 32 33 34 42 43 44 45 
869	18 30 31 32 33 34 42 43 44 45 46 47 
870	18 30 31 32 33 34 35 42 
871	18 30 31 32 33 34 35 42 43 
872	18 30 31 32 33 34 35 42 43 44 45 
873	18 30 31 32 33 34 35 42 43 44 45 46 47 
874	18 19 30 31 42 43 44 45 46 47 
875	18 19 30 31 32 42 43 44 45 46 47 
876	18 19 30 31 32 33 42 43 44 45 46 47 
877	18 19 20 30 31 32 33 34 42 43 44 45 46 
878	18 19 20 21 30 31 32 33 34 35 42 
879	18 19 20 21 30 31 32 33 34 35 42 43 
880	18 19 20 21 22 30 31 32 33 34 42 43 44 
881	18 19 20 21 22 23 30 31 32 33 34 35 42 
882	18 31 42 
883	18 31 42 43 
884	19 30 
885	19 30 31 
886	19 30 31 32 
887	19 30 31 32 33 
888	19 30 31 32 33 34 
889	19 30 31 32 33 34 35 
890	18 19 20 21 22 23 30 31 32 33 34 35 42 43 
891	19 20 30 
892	19 20 30 31 
893	19 20 21 30 
894	19 20 21 22 30 
895	19 31 
896	19 31 32 
897	19 31 32 33 
898	19 31 32 33 34 
899	19 20 31 
900	19 20 31 32 
901	19 32 
902	19 32 33 
903	19 32 33 34 
904	19 32 33 34 35 
905	18 19 32 
906	19 20 32 
907	19 20 32 33 34 35 
908	19 20 21 32 33 34 35 
909	19 20 21 22 32 33 34 35 
910	19 20 21 22 23 32 33 34 35 
911	18 19 30 32 
912	18 19 20 21 22 30 31 32 33 34 42 
913	18 19 20 21 22 23 30 32 33 34 35 
914	19 30 32 
915	19 30 32 33 
916	19 20 30 32 
917	20 31 
918	20 30 31 
919	20 30 31 32 
920	20 31 32 
921	18 20 31 
922	19 20 21 22 23 30 31 32 33 34 35 
923	20 21 31 
924	20 21 30 31 
925	18 20 21 30 31 
926	18 20 21 30 31 32 33 34 35 42 43 44 45 
927	20 21 22 31 
928	20 21 22 23 31 
929	20 21 22 23 31 32 33 34 35 
930	20 32 
931	20 32 33 
932	20 32 33 34 
933	20 32 33 34 35 
934	20 21 32 
935	20 21 32 33 34 35 
936	20 21 22 32 
937	20 21 22 32 33 34 35 
938	18 19 20 32 33 34 42 43 44 
939	20 33 
940	20 33 34 
941	20 33 34 35 
942	20 21 33 
943	20 21 33 34 
944	20 21 22 23 33 34 35 
945	18 19 20 30 31 32 33 42 43 
946	18 19 20 21 22 30 31 32 33 42 43 
947	20 31 33 
948	21 32 
949	18 19 20 21 32 
950	18 19 20 21 22 23 31 32 33 
951	21 22 32 
952	21 22 32 33 34 35 
953	21 22 23 32 
954	21 22 23 31 32 
955	21 33 
956	21 33 34 
957	21 33 34 35 
958	21 22 33 
959	21 22 23 33 
960	23 24 
961	23 24 25 
962	23 24 25 26 
963	23 24 25 26 27 
964	23 24 25 26 27 28 
965	23 24 25 26 27 28 29 
966	18 19 20 21 22 23 24 25 26 
967	18 19 20 21 22 23 24 25 26 27 
968	18 19 20 21 22 23 24 25 26 27 28 
969	18 19 20 21 22 23 24 25 26 27 28 29 
970	19 20 21 22 23 24 25 26 
971	19 20 21 22 23 24 25 26 27 
972	19 20 21 22 23 24 25 26 27 28 29 
973	20 21 22 23 24 
974	20 21 22 23 24 25 
975	20 21 22 23 24 25 26 
976	20 21 22 23 24 25 26 27 
977	20 21 22 23 24 25 26 27 28 
978	21 22 23 24 
979	21 22 23 24 25 
980	21 22 23 24 25 26 
981	21 22 23 24 25 26 27 
982	21 22 23 24 25 26 27 28 
983	22 23 24 
984	22 23 24 25 
985	22 23 24 25 26 
986	22 23 24 25 26 27 
987	22 23 24 25 26 27 28 
988	22 23 24 25 26 27 28 29 
989	18 19 20 21 22 23 24 25 26 27 28 29 30 
990	18 19 20 21 22 23 24 25 26 27 28 30 31 
991	18 19 20 21 22 23 24 25 26 27 28 30 31 32 
992	18 19 20 21 22 23 24 25 26 27 31 32 33 34 35 
993	20 21 22 23 24 25 26 27 28 29 31 
994	21 22 23 24 32 
995	21 22 23 24 33 
996	18 19 30 42 43 
997	30 42 
998	30 42 43 
999	30 42 43 44 45 
1000	30 31 42 
1001	30 31 42 43 
1002	30 31 42 43 44 
1003	19 30 42 
1004	18 19 20 21 31 
1005	18 20 21 31 
1006	18 20 21 31 33 
1007	19 20 21 22 23 24 25 26 32 
1008	21 22 23 24 25 26 27 28 32 33 34 35 
1009	18 21 30 31 32 33 34 
1010	18 19 20 21 31 33 34 
1011	35 41 
1012	35 36 37 38 39 40 41 
1013	35 37 38 39 40 41 
1014	35 38 39 40 41 
1015	35 39 40 41 
1016	35 40 41 
1017	30 31 32 33 34 35 36 37 38 39 40 41 
1018	30 31 32 33 34 35 37 38 39 40 41 
1019	30 31 32 33 34 35 38 39 40 41 
1020	30 31 32 33 34 35 39 40 41 
1021	31 32 33 34 35 36 37 38 39 40 41 
1022	31 32 33 34 35 38 39 40 41 
1023	32 33 34 35 41 
1024	32 33 34 35 36 37 38 39 40 41 
1025	32 33 34 35 37 38 39 40 41 
1026	32 33 34 35 39 40 41 
1027	32 33 34 35 40 41 
1028	33 34 35 41 
1029	33 34 35 36 37 38 39 40 41 
1030	33 34 35 37 38 39 40 41 
1031	33 34 35 38 39 40 41 
1032	33 34 35 39 40 41 
1033	33 34 35 40 41 
1034	34 35 41 
1035	34 35 36 37 38 39 40 41 
1036	34 35 37 38 39 40 41 
1037	34 35 38 39 40 41 
1038	34 35 39 40 41 
1039	34 35 40 41 
1040	18 30 31 32 33 34 35 36 37 38 39 40 41 
1041	18 19 30 31 32 33 34 35 36 37 38 39 40 41 
1042	18 19 20 30 31 32 33 34 35 36 37 38 39 40 41 
1043	18 19 20 30 31 32 33 34 35 37 38 39 40 41 
1044	18 19 20 30 31 32 33 34 35 38 39 40 41 
1045	18 19 20 21 30 31 32 33 34 35 36 37 38 39 40 41 
1046	18 19 20 21 30 31 32 33 34 35 37 38 39 40 41 
1047	18 31 32 33 34 35 36 37 38 39 40 41 
1048	18 19 20 21 22 23 31 32 33 34 35 36 37 38 39 40 41 
1049	18 30 31 32 33 34 35 37 38 39 40 41 42 43 44 45 
1050	18 30 31 32 33 34 35 38 39 40 41 42 43 44 45 
1051	19 32 33 34 35 36 37 38 39 40 41 
1052	19 20 21 22 23 30 31 32 33 34 35 36 37 38 39 40 41 
1053	21 22 23 24 25 26 27 28 32 33 34 35 37 38 39 40 41 
1054	18 19 32 42 
1055	18 19 30 42 
1056	48 234 
1057	48 231 232 233 234 
1058	48 232 233 234 
1059	48 233 234 
1060	48 49 234 
1061	48 49 231 232 233 234 
1062	48 49 232 233 234 
1063	48 49 233 234 
1064	48 49 50 234 
1065	48 49 50 231 232 233 234 
1066	48 49 50 232 233 234 
1067	48 49 50 233 234 
1068	48 49 50 51 234 
1069	48 49 50 51 231 232 233 234 
1070	48 49 50 51 232 233 234 
1071	48 49 50 51 233 234 
1072	48 49 50 51 52 234 
1073	48 49 50 51 52 231 232 233 234 
1074	48 49 50 51 52 232 233 234 
1075	48 49 50 51 52 233 234 
1076	53 231 
1077	53 231 232 
1078	53 231 232 233 
1079	53 231 232 233 234 
1080	48 53 231 232 233 234 
1081	48 49 53 231 232 233 234 
1082	48 49 50 53 231 232 233 234 
1083	48 49 50 51 53 231 232 233 234 
1084	48 49 50 51 52 53 231 232 233 234 
1085	53 54 231 
1086	53 54 231 232 
1087	53 54 231 232 233 
1088	53 54 231 232 233 234 
1089	48 53 54 231 232 233 234 
1090	48 49 53 54 231 232 233 234 
1091	48 49 50 53 54 231 232 233 234 
1092	48 49 50 51 53 54 231 232 233 234 
1093	48 49 50 51 52 53 54 231 232 233 234 
1094	53 54 55 231 
1095	53 54 55 231 232 
1096	53 54 55 231 232 233 
1097	53 54 55 231 232 233 234 
1098	48 53 54 55 231 232 233 234 
1099	48 49 53 54 55 231 232 233 234 
1100	48 49 50 53 54 55 231 232 233 234 
1101	48 49 50 51 53 54 55 231 232 233 234 
1102	48 49 50 51 52 53 54 55 231 232 233 234 
1103	53 54 55 56 231 
1104	53 54 55 56 231 232 
1105	53 54 55 56 231 232 233 
1106	53 54 55 56 231 232 233 234 
1107	48 53 54 55 56 231 232 233 234 
1108	48 49 53 54 55 56 231 232 233 234 
1109	48 49 50 53 54 55 56 231 232 233 234 
1110	48 49 50 51 53 54 55 56 231 232 233 234 
1111	48 49 50 51 52 53 54 55 56 231 232 233 234 
1112	53 54 55 56 57 231 
1113	53 54 55 56 57 231 232 
1114	53 54 55 56 57 231 232 233 
1115	48 53 54 55 56 57 231 232 233 234 
1116	48 49 53 54 55 56 57 231 232 233 234 
1117	48 49 50 53 54 55 56 57 231 232 233 234 
1118	48 49 50 51 53 54 55 56 57 231 232 233 234 
1119	48 49 50 51 52 53 54 55 56 57 231 232 233 234 
1120	53 232 
1121	53 232 233 
1122	53 232 233 234 
1123	48 53 232 233 234 
1124	53 54 232 
1125	53 54 232 233 
1126	53 54 232 233 234 
1127	53 54 55 232 
1128	53 54 55 232 233 
1129	53 54 55 56 232 
1130	53 54 55 56 232 233 
1131	53 54 55 56 57 232 
1132	53 54 55 56 57 232 233 
1133	53 239 
1134	53 54 239 
1135	53 54 55 239 
1136	53 54 55 56 239 
1137	53 54 55 56 57 239 
1138	53 231 239 
1139	53 231 232 239 
1140	53 54 231 239 
1141	53 54 55 56 231 232 233 239 
1142	48 49 50 51 53 54 55 56 231 232 233 234 239 
1143	48 49 50 51 52 53 54 55 56 231 232 233 234 239 
1144	53 54 55 56 57 231 239 
1145	53 54 55 56 57 231 232 233 239 
1146	48 49 50 53 54 55 56 57 231 232 233 234 239 
1147	48 49 50 51 53 54 55 56 57 231 232 233 234 239 
1148	48 49 50 51 52 53 54 55 56 57 231 232 233 234 239 
1149	53 232 239 
1150	53 54 55 56 57 232 239 
1151	54 231 
1152	54 231 232 
1153	54 231 232 233 
1154	54 55 231 
1155	54 55 231 232 
1156	54 55 56 231 
1157	54 55 56 231 232 
1158	54 55 56 57 231 
1159	48 49 50 51 53 54 55 231 232 233 234 239 
1160	48 49 50 51 52 53 54 55 231 232 233 234 239 
1161	53 54 55 56 57 231 232 239 
1162	54 232 
1163	54 232 233 
1164	54 232 233 234 
1165	54 55 232 
1166	54 233 
1167	54 233 234 
1168	48 49 50 51 52 54 233 234 
1169	53 54 233 
1170	54 55 233 
1171	54 55 56 233 
1172	54 55 56 233 234 
1173	54 231 233 
1174	54 239 
1175	54 55 239 
1176	54 55 56 57 239 
1177	53 54 55 56 231 239 
1178	54 55 56 57 231 239 
1179	55 232 
1180	55 231 232 
1181	55 232 233 
1182	55 56 232 
1183	55 56 57 232 
1184	48 49 50 53 54 55 231 232 233 234 239 
1185	55 233 
1186	55 233 234 
1187	48 55 233 234 
1188	55 56 233 
1189	55 56 57 233 
1190	55 56 57 233 234 
1191	48 49 50 51 52 55 56 57 233 234 
1192	48 49 50 51 52 54 55 56 57 233 234 239 
1193	55 234 
1194	48 55 234 
1195	48 49 55 234 
1196	48 49 50 55 234 
1197	48 49 50 51 55 234 
1198	48 49 50 51 52 55 234 
1199	54 55 234 
1200	55 56 234 
1201	48 55 56 234 
1202	48 49 50 51 52 53 54 55 56 232 233 234 
1203	48 49 50 53 54 55 56 231 232 233 234 239 
1204	48 49 53 54 55 56 57 231 232 233 234 239 
1205	55 232 234 
1206	55 239 
1207	53 54 55 231 239 
1208	55 56 57 239 
1209	55 233 239 
1210	55 234 239 
1211	48 49 50 51 52 53 54 55 56 232 233 234 239 
1212	56 233 
1213	56 233 234 
1214	56 57 233 
1215	56 234 
1216	48 56 234 
1217	48 49 56 234 
1218	48 49 50 51 56 234 
1219	56 57 234 
1220	48 49 53 54 55 56 231 232 233 234 239 
1221	48 53 54 55 56 57 231 232 233 234 239 
1222	54 55 56 57 234 239 
1223	57 98 
1224	57 98 99 
1225	57 98 99 100 
1226	57 98 99 100 101 
1227	57 98 99 100 101 102 
1228	53 54 55 56 57 98 99 
1229	53 54 55 56 57 98 99 100 
1230	53 54 55 56 57 98 99 100 101 
1231	53 54 55 56 57 98 99 100 101 102 
1232	54 55 56 57 98 99 100 
1233	54 55 56 57 98 99 100 101 
1234	55 56 57 98 
1235	55 56 57 98 99 
1236	55 56 57 98 99 100 
1237	55 56 57 98 99 100 101 
1238	55 56 57 98 99 100 101 102 
1239	56 57 98 
1240	56 57 98 99 
1241	56 57 98 99 100 
1242	56 57 98 99 100 101 
1243	56 57 98 99 100 101 102 
1244	53 54 55 56 57 98 99 100 101 102 231 
1245	53 54 55 56 57 98 99 100 101 231 232 
1246	48 53 54 55 56 57 98 99 100 101 231 232 233 234 
1247	48 53 54 55 56 57 98 99 100 101 102 231 232 233 234 
1248	48 49 50 53 54 55 56 57 98 99 100 101 102 231 232 233 234 
1249	48 49 50 51 53 54 55 56 57 98 99 100 101 231 232 233 234 
1250	48 49 50 51 53 54 55 56 57 98 99 100 101 102 231 232 233 234 
1251	48 49 50 51 52 53 54 55 56 57 98 99 100 231 232 233 234 
1252	48 49 50 51 52 53 54 55 56 57 98 99 100 101 231 232 233 234 
1253	53 54 55 56 57 98 99 100 101 102 232 
1254	53 54 55 56 57 98 99 100 101 102 239 
1255	53 54 55 56 57 98 99 100 101 231 232 233 239 
1256	54 55 56 57 98 99 100 101 102 239 
1257	55 56 57 98 233 
1258	48 49 50 51 52 54 55 56 57 98 99 100 101 102 233 234 239 
1259	48 49 53 54 55 56 57 98 99 100 101 231 232 233 234 239 
1260	48 49 53 54 55 56 57 98 99 100 101 102 231 232 233 234 239 
1261	55 56 57 98 99 100 101 102 239 
1262	56 57 98 233 
1263	56 57 98 99 100 101 102 233 
1264	48 53 54 55 56 57 98 99 100 101 231 232 233 234 239 
1265	48 53 54 55 56 57 98 99 100 101 102 231 232 233 234 239 
1266	54 55 56 57 98 99 100 101 102 234 239 
1267	58 176 
1268	58 171 172 173 174 175 176 
1269	58 172 173 174 175 176 
1270	58 173 174 175 176 
1271	58 174 175 176 
1272	58 175 176 
1273	58 59 176 
1274	58 59 171 172 173 174 175 176 
1275	58 59 172 173 174 175 176 
1276	58 59 173 174 175 176 
1277	58 59 174 175 176 
1278	58 59 175 176 
1279	58 59 60 176 
1280	58 59 60 171 172 173 174 175 176 
1281	58 59 60 172 173 174 175 176 
1282	58 59 60 173 174 175 176 
1283	58 59 60 174 175 176 
1284	58 59 60 175 176 
1285	58 59 60 61 176 
1286	58 59 60 61 171 172 173 174 175 176 
1287	58 59 60 61 172 173 174 175 176 
1288	58 59 60 61 173 174 175 176 
1289	58 59 60 61 174 175 176 
1290	58 59 60 61 175 176 
1291	58 59 60 61 62 176 
1292	58 59 60 61 62 171 172 173 174 175 176 
1293	58 59 60 61 62 172 173 174 175 176 
1294	58 59 60 61 62 173 174 175 176 
1295	58 59 60 61 62 174 175 176 
1296	58 59 60 61 62 175 176 
1297	58 59 60 61 62 63 176 
1298	58 59 60 61 62 63 171 172 173 174 175 176 
1299	58 59 60 61 62 63 172 173 174 175 176 
1300	58 59 60 61 62 63 173 174 175 176 
1301	58 59 60 61 62 63 174 175 176 
1302	58 59 60 61 62 63 175 176 
1303	63 250 
1304	63 248 249 250 
1305	63 249 250 
1306	58 59 60 61 62 63 250 
1307	58 59 60 61 62 63 248 249 250 
1308	58 59 60 61 62 63 249 250 
1309	59 60 61 62 63 250 
1310	59 60 61 62 63 248 249 250 
1311	59 60 61 62 63 249 250 
1312	60 61 62 63 250 
1313	60 61 62 63 248 249 250 
1314	60 61 62 63 249 250 
1315	61 62 63 250 
1316	61 62 63 248 249 250 
1317	61 62 63 249 250 
1318	62 63 250 
1319	62 63 248 249 250 
1320	62 63 249 250 
1321	58 59 60 61 62 63 176 250 
1322	58 59 60 61 62 63 176 248 249 250 
1323	58 59 60 61 62 63 171 172 173 174 175 176 250 
1324	58 59 60 61 62 63 171 172 173 174 175 176 248 249 250 
1325	58 59 60 61 62 63 171 172 173 174 175 176 249 250 
1326	58 59 60 61 62 63 172 173 174 175 176 250 
1327	58 59 60 61 62 63 172 173 174 175 176 248 249 250 
1328	58 59 60 61 62 63 172 173 174 175 176 249 250 
1329	58 59 60 61 62 63 173 174 175 176 250 
1330	58 59 60 61 62 63 173 174 175 176 248 249 250 
1331	58 59 60 61 62 63 175 176 248 249 250 
1332	67 74 
1333	67 68 74 
1334	68 246 
1335	68 246 247 
1336	67 68 246 
1337	67 68 246 247 
1338	67 68 74 246 
1339	67 68 74 246 247 
1340	68 74 
1341	68 74 246 
1342	68 74 246 247 
1343	71 79 
1344	71 79 80 
1345	71 79 80 81 
1346	69 70 71 79 
1347	69 70 71 79 80 
1348	69 70 71 79 80 81 
1349	70 71 79 
1350	70 71 79 80 
1351	70 71 79 80 81 
1352	72 146 
1353	72 146 147 
1354	72 146 147 148 
1355	72 73 146 
1356	72 73 146 147 
1357	72 73 146 147 148 
1358	72 77 
1359	72 75 76 77 
1360	72 75 76 77 78 
1361	72 76 77 
1362	72 76 77 78 
1363	72 77 78 
1364	72 73 77 
1365	72 73 75 76 77 
1366	72 73 75 76 77 78 
1367	72 73 76 77 
1368	72 73 76 77 78 
1369	72 73 77 78 
1370	72 77 146 
1371	72 75 76 77 146 
1372	72 75 76 77 78 146 
1373	72 76 77 146 
1374	72 76 77 78 146 
1375	72 77 78 146 
1376	72 77 146 147 
1377	72 75 76 77 146 147 
1378	72 75 76 77 78 146 147 
1379	72 76 77 146 147 
1380	72 76 77 78 146 147 
1381	72 77 78 146 147 
1382	72 77 146 147 148 
1383	72 75 76 77 146 147 148 
1384	72 75 76 77 78 146 147 148 
1385	72 76 77 146 147 148 
1386	72 76 77 78 146 147 148 
1387	72 77 78 146 147 148 
1388	72 73 77 146 
1389	72 73 75 76 77 78 146 
1390	72 73 76 77 78 146 
1391	72 73 75 76 77 146 147 
1392	72 73 75 76 77 78 146 147 
1393	72 73 76 77 146 147 
1394	72 73 76 77 78 146 147 
1395	72 73 77 78 146 147 
1396	72 73 75 76 77 146 147 148 
1397	72 73 75 76 77 78 146 147 148 
1398	72 73 76 77 78 146 147 148 
1399	72 247 
1400	72 246 247 
1401	68 72 246 247 
1402	67 68 72 246 247 
1403	67 68 72 74 246 247 
1404	68 72 74 246 247 
1405	72 73 247 
1406	72 73 246 247 
1407	68 72 73 246 247 
1408	67 68 72 73 246 247 
1409	67 68 72 73 74 246 247 
1410	68 72 73 74 246 247 
1411	72 146 247 
1412	72 146 246 247 
1413	67 68 72 146 246 247 
1414	67 68 72 74 146 246 247 
1415	72 146 147 247 
1416	67 68 72 146 147 246 247 
1417	67 68 72 74 146 147 246 247 
1418	68 72 74 146 147 246 247 
1419	72 146 147 148 247 
1420	67 68 72 146 147 148 246 247 
1421	67 68 72 74 146 147 148 246 247 
1422	68 72 74 146 147 148 246 247 
1423	67 68 72 73 74 146 246 247 
1424	67 68 72 73 146 147 246 247 
1425	67 68 72 73 74 146 147 246 247 
1426	68 72 73 74 146 147 246 247 
1427	67 68 72 73 146 147 148 246 247 
1428	67 68 72 73 74 146 147 148 246 247 
1429	68 72 73 74 146 147 148 246 247 
1430	72 77 247 
1431	67 68 72 74 77 246 247 
1432	68 72 74 77 246 247 
1433	67 68 72 75 76 77 246 247 
1434	67 68 72 74 75 76 77 246 247 
1435	67 68 72 74 75 76 77 78 246 247 
1436	67 68 72 74 76 77 78 246 247 
1437	72 73 75 76 77 78 246 247 
1438	68 72 73 75 76 77 78 246 247 
1439	67 68 72 73 74 75 76 77 78 246 247 
1440	67 68 72 74 75 76 77 146 147 246 247 
1441	67 68 72 74 75 76 77 78 146 147 246 247 
1442	67 68 72 74 76 77 78 146 147 246 247 
1443	67 68 72 74 75 76 77 146 147 148 246 247 
1444	72 75 76 77 78 146 147 148 246 247 
1445	67 68 72 75 76 77 78 146 147 148 246 247 
1446	67 68 72 74 75 76 77 78 146 147 148 246 247 
1447	68 72 74 75 76 77 78 146 147 148 246 247 
1448	67 68 72 73 75 76 77 78 146 246 247 
1449	67 68 72 73 74 75 76 77 78 146 147 148 246 247 
1450	73 74 
1451	67 73 74 
1452	67 68 73 74 
1453	67 68 73 74 246 
1454	68 73 74 
1455	68 73 74 246 
1456	68 73 74 246 247 
1457	72 73 74 
1458	67 72 73 74 
1459	67 68 72 73 74 75 76 77 78 146 147 246 247 
1460	67 68 72 73 74 75 76 77 146 147 246 247 
1461	67 68 72 73 74 76 77 78 146 147 246 247 
1462	67 68 72 73 74 75 76 77 146 147 148 246 247 
1463	68 72 73 74 75 76 77 78 146 147 148 246 247 
1464	67 68 72 73 74 76 77 78 146 147 148 246 247 
1465	67 72 73 74 77 
1466	67 72 73 74 75 76 77 78 
1467	67 68 72 73 74 76 77 78 246 247 
1468	72 73 74 75 76 77 78 146 147 148 
1469	67 72 73 74 247 
1470	68 72 73 74 247 
1471	67 68 72 73 74 75 76 77 78 146 246 247 
1472	73 77 
1473	73 75 76 77 
1474	73 76 77 
1475	67 68 72 73 75 76 77 78 146 147 148 246 247 
1476	67 68 72 73 74 75 76 77 146 246 247 
1477	67 68 72 73 74 76 77 78 146 246 247 
1478	67 68 72 73 74 77 146 147 246 247 
1479	67 68 72 73 74 77 146 147 148 246 247 
1480	67 73 74 75 76 77 78 
1481	73 246 
1482	73 246 247 
1483	68 73 246 
1484	72 73 246 
1485	72 73 75 76 77 78 146 147 148 246 247 
1486	73 74 246 
1487	73 74 246 247 
1488	72 73 74 75 76 77 78 146 147 148 246 247 
1489	73 247 
1490	73 74 247 
1491	67 72 73 74 75 76 77 78 146 147 148 246 247 
1492	75 242 
1493	75 240 241 242 
1494	75 241 242 
1495	75 76 242 
1496	75 76 240 241 242 
1497	75 76 241 242 
1498	75 76 77 242 
1499	75 76 77 240 241 242 
1500	75 76 77 241 242 
1501	75 76 77 78 242 
1502	75 76 77 78 240 241 242 
1503	75 76 77 78 241 242 
1504	72 75 76 77 78 240 241 242 
1505	72 73 75 76 77 78 240 241 242 
1506	72 75 76 77 78 146 147 240 241 242 
1507	72 73 75 76 77 78 146 147 240 241 242 
1508	72 73 75 76 77 78 146 147 148 240 241 242 
1509	67 68 72 73 74 75 76 77 78 240 241 242 246 247 
1510	67 68 72 73 74 75 76 77 78 146 147 148 240 241 242 246 247 
1511	67 68 72 73 74 75 76 77 78 146 147 240 241 242 246 247 
1512	67 72 73 74 75 76 77 78 240 241 242 
1513	73 75 76 77 240 241 242 
1514	67 73 74 75 76 77 78 241 242 
1515	72 73 74 75 76 77 78 146 147 148 240 241 242 246 247 
1516	67 72 73 74 75 76 77 78 146 147 148 240 241 242 246 247 
1517	67 72 73 74 75 76 77 78 146 147 148 241 242 246 247 
1518	76 242 
1519	76 240 241 242 
1520	76 241 242 
1521	76 77 242 
1522	76 77 240 241 242 
1523	76 77 241 242 
1524	76 77 78 240 241 242 
1525	72 76 77 242 
1526	73 76 77 240 241 242 
1527	67 68 72 73 75 76 77 78 146 147 148 240 241 242 246 247 
1528	67 68 72 73 74 75 76 77 146 240 241 242 246 247 
1529	67 68 72 73 74 76 77 78 146 240 241 242 246 247 
1530	67 68 72 73 74 75 76 77 78 146 240 241 242 246 247 
1531	67 68 72 77 246 247 
1532	72 77 146 246 247 
1533	73 75 76 77 247 
1534	67 72 73 74 75 76 77 78 146 147 240 241 242 
1535	73 74 76 77 78 240 241 242 
1536	78 243 
1537	78 243 244 
1538	78 243 244 245 
1539	75 76 77 78 243 244 245 
1540	76 77 78 243 
1541	76 77 78 243 244 245 
1542	77 78 243 
1543	77 78 243 244 
1544	77 78 243 244 245 
1545	72 73 77 78 243 244 245 
1546	67 68 72 73 74 75 76 77 78 146 147 148 243 244 245 246 247 
1547	67 68 72 73 74 76 77 78 146 243 244 245 246 247 
1548	72 73 74 75 76 77 78 146 147 148 243 244 245 246 247 
1549	67 72 73 74 75 76 77 78 146 147 148 243 244 246 247 
1550	75 76 77 78 242 243 244 245 
1551	75 76 77 78 240 241 242 243 244 
1552	75 76 77 78 240 241 242 243 244 245 
1553	75 76 77 78 241 242 243 244 245 
1554	72 73 75 76 77 78 240 241 242 243 244 
1555	72 73 75 76 77 78 240 241 242 243 244 245 
1556	72 73 75 76 77 78 146 147 240 241 242 243 244 245 
1557	72 73 75 76 77 78 146 147 148 240 241 242 243 244 245 
1558	67 68 72 73 74 75 76 77 78 240 241 242 243 244 246 247 
1559	73 74 76 77 78 240 241 242 243 244 245 
1560	80 245 
1561	80 243 244 245 
1562	80 244 245 
1563	78 80 243 244 245 
1564	75 76 77 78 80 243 244 245 
1565	77 78 80 243 244 245 
1566	67 68 72 73 74 76 77 78 80 146 243 244 245 246 247 
1567	79 80 245 
1568	79 80 243 244 245 
1569	79 80 244 245 
1570	78 79 80 243 244 245 
1571	75 76 77 78 79 80 243 244 245 
1572	76 77 78 79 80 243 244 245 
1573	77 78 79 80 243 244 245 
1574	75 76 77 78 79 80 240 241 242 243 244 245 
1575	72 73 75 76 77 78 79 80 240 241 242 243 244 245 
1576	73 74 76 77 78 79 80 240 241 242 243 244 245 
1577	79 80 81 245 
1578	79 80 81 243 244 245 
1579	79 80 81 244 245 
1580	78 79 80 81 243 244 245 
1581	75 76 77 78 79 80 81 243 244 245 
1582	76 77 78 79 80 81 243 244 245 
1583	67 68 72 73 74 76 77 78 79 80 81 146 243 244 245 246 247 
1584	72 73 75 76 77 78 79 80 81 146 147 148 240 241 242 243 244 245 
1585	80 81 245 
1586	80 81 243 244 245 
1587	80 81 244 245 
1588	78 80 81 243 244 245 
1589	71 79 80 245 
1590	71 79 80 243 244 245 
1591	71 79 80 244 245 
1592	71 78 79 80 243 244 245 
1593	71 77 78 79 80 243 244 245 
1594	71 75 76 77 78 79 80 242 243 244 245 
1595	71 75 76 77 78 79 80 240 241 242 243 244 245 
1596	71 72 73 75 76 77 78 79 80 146 147 240 241 242 243 244 245 
1597	71 79 80 81 245 
1598	71 79 80 81 243 244 245 
1599	71 79 80 81 244 245 
1600	71 78 79 80 81 243 244 245 
1601	71 72 73 77 78 79 80 81 243 244 245 
1602	67 68 71 72 73 74 76 77 78 79 80 81 146 243 244 245 246 247 
1603	71 72 73 75 76 77 78 79 80 81 146 147 240 241 242 243 244 245 
1604	69 70 71 79 80 245 
1605	69 70 71 79 80 243 244 245 
1606	69 70 71 79 80 244 245 
1607	69 70 71 78 79 80 243 244 245 
1608	69 70 71 76 77 78 79 80 243 244 245 
1609	69 70 71 77 78 79 80 243 244 245 
1610	67 68 69 70 71 72 73 74 75 76 77 78 79 80 146 147 148 243 244 245 246 247 
1611	67 68 69 70 71 72 73 74 76 77 78 79 80 146 243 244 245 246 247 
1612	69 70 71 72 73 74 75 76 77 78 79 80 146 147 148 243 244 245 246 247 
1613	69 70 71 75 76 77 78 79 80 240 241 242 243 244 245 
1614	69 70 71 72 73 75 76 77 78 79 80 240 241 242 243 244 245 
1615	69 70 71 79 80 81 245 
1616	69 70 71 79 80 81 243 244 245 
1617	69 70 71 79 80 81 244 245 
1618	67 68 69 70 71 72 73 74 76 77 78 79 80 81 146 243 244 245 246 247 
1619	69 70 71 72 73 74 75 76 77 78 79 80 81 146 147 148 243 244 245 246 247 
1620	70 71 73 74 76 77 78 79 80 240 241 242 243 244 245 
1621	81 245 
1622	81 243 244 245 
1623	81 244 245 
1624	69 70 71 78 79 80 81 243 244 245 
1625	69 70 71 76 77 78 79 80 81 243 244 245 
1626	69 70 71 77 78 79 80 81 243 244 245 
1627	69 70 71 72 73 75 76 77 78 79 80 81 240 241 242 243 244 245 
1628	67 68 69 70 71 72 73 74 75 76 77 78 79 80 81 146 147 148 243 244 245 246 247 
1629	70 71 79 80 81 245 
1630	70 71 79 80 81 243 244 245 
1631	67 68 70 71 72 73 74 76 77 78 79 80 81 146 243 244 245 246 247 
1632	70 71 75 76 77 78 79 80 81 240 241 242 243 244 245 
1633	81 94 
1634	81 94 95 
1635	81 94 95 96 
1636	81 94 95 96 97 
1637	79 80 81 94 
1638	79 80 81 94 95 
1639	79 80 81 94 95 96 
1640	79 80 81 94 95 96 97 
1641	80 81 94 
1642	80 81 94 95 
1643	80 81 94 95 96 
1644	80 81 94 95 96 97 
1645	71 79 80 81 94 
1646	71 79 80 81 94 95 
1647	71 79 80 81 94 95 96 
1648	71 79 80 81 94 95 96 97 
1649	69 70 71 79 80 81 94 
1650	69 70 71 79 80 81 94 95 
1651	69 70 71 79 80 81 94 95 96 
1652	69 70 71 79 80 81 94 95 96 97 
1653	70 71 79 80 81 94 95 96 97 
1654	78 79 80 81 94 95 96 97 243 244 245 
1655	67 68 72 73 74 76 77 78 79 80 81 94 95 96 146 243 244 245 246 247 
1656	67 68 72 73 74 76 77 78 79 80 81 94 95 96 97 146 243 244 245 246 247 
1657	80 81 94 245 
1658	80 81 94 95 245 
1659	80 81 94 95 96 245 
1660	80 81 94 95 96 97 245 
1661	80 81 94 95 96 97 244 245 
1662	71 79 80 81 94 95 96 97 243 244 245 
1663	71 79 80 81 94 95 96 97 244 245 
1664	71 72 73 77 78 79 80 81 94 95 96 243 244 245 
1665	71 72 73 77 78 79 80 81 94 95 96 97 243 244 245 
1666	67 68 71 72 73 74 76 77 78 79 80 81 94 95 146 243 244 245 246 247 
1667	67 68 71 72 73 74 76 77 78 79 80 81 94 95 96 146 243 244 245 246 247 
1668	71 72 73 75 76 77 78 79 80 81 94 95 96 146 147 240 241 242 243 244 245 
1669	71 72 73 75 76 77 78 79 80 81 94 95 96 97 146 147 240 241 242 243 244 245 
1670	69 70 71 79 80 81 94 95 243 244 245 
1671	69 70 71 79 80 81 94 95 96 243 244 245 
1672	69 70 71 79 80 81 94 95 96 97 244 245 
1673	81 94 245 
1674	81 94 95 245 
1675	81 94 95 96 245 
1676	81 94 95 96 97 245 
1677	81 94 244 245 
1678	81 94 95 96 97 244 245 
1679	69 70 71 78 79 80 81 94 243 244 245 
1680	69 70 71 76 77 78 79 80 81 94 95 96 243 244 245 
1681	69 70 71 76 77 78 79 80 81 94 95 96 97 243 244 245 
1682	69 70 71 77 78 79 80 81 94 95 96 97 243 244 245 
1683	69 70 71 72 73 75 76 77 78 79 80 81 94 95 96 240 241 242 243 244 245 
1684	67 68 69 70 71 72 73 74 75 76 77 78 79 80 81 94 146 147 148 243 244 245 246 247 
1685	83 84 
1686	82 83 84 
1687	84 144 
1688	84 144 145 
1689	83 84 144 
1690	83 84 144 145 
1691	82 83 84 144 
1692	82 83 84 144 145 
1693	84 145 
1694	83 84 145 
1695	82 83 84 145 
1696	86 87 
1697	86 87 88 
1698	86 87 88 89 
1699	86 87 88 89 90 
1700	85 86 87 
1701	85 86 87 88 
1702	85 86 87 88 89 
1703	85 86 87 88 89 90 
1704	89 91 
1705	89 91 92 
1706	89 91 92 93 
1707	87 88 89 91 
1708	87 88 89 91 92 
1709	87 88 89 91 92 93 
1710	87 88 89 90 91 
1711	87 88 89 90 91 92 
1712	87 88 89 90 91 92 93 
1713	88 89 91 
1714	88 89 91 92 
1715	88 89 91 92 93 
1716	88 89 90 91 
1717	88 89 90 91 92 
1718	88 89 90 91 92 93 
1719	89 90 91 
1720	89 90 91 92 
1721	89 90 91 92 93 
1722	86 87 88 89 91 
1723	86 87 88 89 91 92 
1724	86 87 88 89 91 92 93 
1725	86 87 88 89 90 91 
1726	86 87 88 89 90 91 92 
1727	86 87 88 89 90 91 92 93 
1728	85 86 87 88 89 91 
1729	85 86 87 88 89 91 92 
1730	85 86 87 88 89 91 92 93 
1731	85 86 87 88 89 90 91 92 93 
1732	90 145 
1733	90 144 145 
1734	84 90 144 145 
1735	83 84 90 144 145 
1736	82 83 84 90 144 145 
1737	84 90 145 
1738	83 84 90 145 
1739	82 83 84 90 145 
1740	87 88 89 90 145 
1741	87 88 89 90 144 145 
1742	84 87 88 89 90 144 145 
1743	83 84 87 88 89 90 144 145 
1744	82 83 84 87 88 89 90 144 145 
1745	84 87 88 89 90 145 
1746	83 84 87 88 89 90 145 
1747	82 83 84 87 88 89 90 145 
1748	88 89 90 145 
1749	88 89 90 144 145 
1750	84 88 89 90 144 145 
1751	83 84 88 89 90 144 145 
1752	82 83 84 88 89 90 144 145 
1753	82 83 84 88 89 90 145 
1754	89 90 145 
1755	89 90 144 145 
1756	84 89 90 144 145 
1757	83 84 89 90 144 145 
1758	82 83 84 89 90 144 145 
1759	82 83 84 89 90 145 
1760	83 84 86 87 88 89 90 144 145 
1761	82 83 84 86 87 88 89 90 144 145 
1762	83 84 85 86 87 88 89 90 144 145 
1763	82 83 84 85 86 87 88 89 90 144 145 
1764	82 83 84 85 86 87 88 89 90 145 
1765	82 83 84 87 88 89 90 91 144 145 
1766	83 84 87 88 89 90 91 92 144 145 
1767	87 88 89 90 91 92 93 145 
1768	82 83 84 87 88 89 90 91 92 93 144 145 
1769	84 88 89 90 91 92 93 144 145 
1770	83 84 89 90 91 92 93 144 145 
1771	82 83 84 86 87 88 89 90 91 92 93 144 145 
1772	83 84 85 86 87 88 89 90 91 92 93 144 145 
1773	90 91 
1774	90 91 92 
1775	90 91 92 93 
1776	90 91 145 
1777	90 91 92 145 
1778	90 91 92 93 145 
1779	90 91 144 145 
1780	90 91 92 144 145 
1781	90 91 92 93 144 145 
1782	84 90 91 92 93 144 145 
1783	83 84 90 91 92 93 144 145 
1784	82 83 84 90 91 92 93 144 145 
1785	84 87 88 89 90 91 92 93 144 145 
1786	82 83 84 88 89 90 91 92 93 144 145 
1787	82 83 84 85 86 87 88 89 90 91 92 93 144 145 
1788	82 83 84 89 90 91 92 144 145 
1789	91 142 
1790	91 142 143 
1791	91 92 142 
1792	91 92 142 143 
1793	91 92 93 142 
1794	91 92 93 142 143 
1795	89 91 142 
1796	89 91 142 143 
1797	89 91 92 142 143 
1798	89 91 92 93 142 143 
1799	89 90 91 142 
1800	82 83 84 87 88 89 90 91 92 93 142 143 144 145 
1801	83 84 89 90 91 92 93 142 143 144 145 
1802	90 91 142 
1803	90 91 142 143 
1804	90 91 92 93 142 143 
1805	90 91 92 93 142 143 145 
1806	90 91 92 142 143 144 145 
1807	84 90 91 92 93 142 143 144 145 
1808	82 83 84 90 91 92 93 142 143 144 145 
1809	91 145 
1810	91 92 145 
1811	89 91 145 
1812	84 91 142 144 145 
1813	82 83 84 91 142 144 145 
1814	91 142 143 145 
1815	91 142 143 144 145 
1816	82 83 84 91 142 143 144 145 
1817	82 83 84 91 92 93 142 143 144 145 
1818	83 84 87 88 89 90 91 92 142 143 145 
1819	82 83 84 87 88 89 90 91 92 93 142 143 145 
1820	82 83 84 89 90 91 92 93 142 143 144 145 
1821	82 83 84 86 87 88 89 90 91 92 93 142 143 144 145 
1822	87 88 89 91 145 
1823	82 83 84 90 91 142 143 144 145 
1824	92 145 
1825	92 144 145 
1826	84 92 144 145 
1827	82 83 84 92 145 
1828	90 92 145 
1829	90 92 144 145 
1830	92 93 145 
1831	92 93 144 145 
1832	91 92 142 143 145 
1833	93 129 
1834	93 129 130 
1835	93 129 130 131 
1836	91 92 93 129 
1837	91 92 93 129 130 
1838	91 92 93 129 130 131 
1839	92 93 129 
1840	92 93 129 130 
1841	92 93 129 130 131 
1842	87 88 89 91 92 93 129 130 131 
1843	90 91 92 93 129 130 131 
1844	84 87 88 89 90 91 92 93 129 130 131 144 145 
1845	91 92 93 129 130 131 142 
1846	91 92 93 129 130 142 143 
1847	91 92 93 129 130 131 142 143 
1848	89 91 92 93 129 130 131 142 143 
1849	83 84 89 90 91 92 93 129 130 131 142 143 144 145 
1850	90 91 92 93 129 130 131 142 143 
1851	90 91 92 93 129 130 131 142 143 145 
1852	82 83 84 91 92 93 129 130 131 142 143 144 145 
1853	82 83 84 89 90 91 92 93 129 130 131 142 143 144 145 
1854	82 83 84 86 87 88 89 90 91 92 93 129 142 143 144 145 
1855	92 93 129 130 131 145 
1856	92 93 129 144 145 
1857	97 248 
1858	97 248 249 
1859	97 248 249 250 
1860	63 97 248 249 250 
1861	58 59 60 61 62 63 97 248 249 250 
1862	59 60 61 62 63 97 248 249 250 
1863	60 61 62 63 97 248 249 250 
1864	61 62 63 97 248 249 250 
1865	62 63 97 248 249 250 
1866	58 59 60 61 62 63 97 176 248 249 250 
1867	58 59 60 61 62 63 97 171 172 173 174 175 176 248 249 250 
1868	58 59 60 61 62 63 97 172 173 174 175 176 248 249 250 
1869	94 95 96 97 248 
1870	94 95 96 97 248 249 
1871	94 95 96 97 248 249 250 
1872	63 94 95 96 97 248 249 250 
1873	58 59 60 61 62 63 94 95 96 97 248 249 250 
1874	60 61 62 63 94 95 96 97 248 249 250 
1875	61 62 63 94 95 96 97 248 249 250 
1876	62 63 94 95 96 97 248 249 250 
1877	58 59 60 61 62 63 94 95 96 97 176 248 249 250 
1878	58 59 60 61 62 63 94 95 96 97 171 172 173 174 175 176 248 249 250 
1879	58 59 60 61 62 63 94 95 96 97 172 173 174 175 176 248 249 250 
1880	58 59 60 61 62 63 94 95 96 97 173 174 175 176 248 249 250 
1881	58 59 60 61 62 63 94 95 96 97 175 176 248 249 250 
1882	95 96 97 248 
1883	95 96 97 248 249 
1884	95 96 97 248 249 250 
1885	63 95 96 97 248 249 250 
1886	60 61 62 63 95 96 97 248 249 250 
1887	62 63 95 96 97 248 249 250 
1888	58 59 60 61 62 63 95 96 97 171 172 173 174 175 176 248 249 250 
1889	58 59 60 61 62 63 95 96 97 172 173 174 175 176 248 249 250 
1890	96 97 248 
1891	96 97 248 249 
1892	96 97 248 249 250 
1893	63 96 97 248 249 250 
1894	62 63 96 97 248 249 250 
1895	58 59 60 61 62 63 96 97 171 172 173 174 175 176 248 249 250 
1896	62 63 81 94 95 96 97 248 249 250 
1897	58 59 60 61 62 63 81 94 95 96 97 171 172 173 174 175 176 248 249 250 
1898	59 60 61 62 63 79 80 81 94 95 96 97 248 249 250 
1899	58 59 60 61 62 63 79 80 81 94 95 96 97 171 172 173 174 175 176 248 249 250 
1900	58 59 60 61 62 63 79 80 81 94 95 96 97 172 173 174 175 176 248 249 250 
1901	58 59 60 61 62 63 79 80 81 94 95 96 97 173 174 175 176 248 249 250 
1902	58 59 60 61 62 63 80 81 94 95 96 97 171 172 173 174 175 176 248 249 250 
1903	58 59 60 61 62 63 80 81 94 95 96 97 172 173 174 175 176 248 249 250 
1904	58 59 60 61 62 63 71 79 80 81 94 95 96 97 248 249 250 
1905	58 59 60 61 62 63 69 70 71 79 80 81 94 95 96 97 171 172 173 174 175 176 248 249 250 
1906	58 59 60 61 62 63 69 70 71 79 80 81 94 95 96 97 172 173 174 175 176 248 249 250 
1907	58 59 60 61 62 63 70 71 79 80 81 94 95 96 97 171 172 173 174 175 176 248 249 250 
1908	58 59 60 61 62 63 78 79 80 81 94 95 96 97 171 172 173 174 175 176 243 244 245 248 249 250 
1909	58 59 60 61 62 63 78 79 80 81 94 95 96 97 172 173 174 175 176 243 244 245 248 249 250 
1910	58 59 60 61 62 63 67 68 72 73 74 76 77 78 79 80 81 94 95 96 97 146 243 244 245 246 247 248 249 250 
1911	59 60 61 62 63 67 68 72 73 74 76 77 78 79 80 81 94 95 96 97 146 243 244 245 246 247 248 249 250 
1912	60 61 62 63 67 68 72 73 74 76 77 78 79 80 81 94 95 96 97 146 243 244 245 246 247 248 249 250 
1913	61 62 63 67 68 72 73 74 76 77 78 79 80 81 94 95 96 97 146 243 244 245 246 247 248 249 250 
1914	58 59 60 61 62 63 67 68 72 73 74 76 77 78 79 80 81 94 95 96 97 146 176 243 244 245 246 247 248 249 250 
1915	58 59 60 61 62 63 67 68 72 73 74 76 77 78 79 80 81 94 95 96 97 146 171 172 173 174 175 176 243 244 245 246 247 248 249 250 
1916	58 59 60 61 62 63 67 68 72 73 74 76 77 78 79 80 81 94 95 96 97 146 172 173 174 175 176 243 244 245 246 247 248 249 250 
1917	58 59 60 61 62 63 67 68 72 73 74 76 77 78 79 80 81 94 95 96 97 146 173 174 175 176 243 244 245 246 247 248 249 250 
1918	58 59 60 61 62 63 67 68 72 73 74 76 77 78 79 80 81 94 95 96 97 146 175 176 243 244 245 246 247 248 249 250 
1919	58 59 60 61 62 63 71 72 73 75 76 77 78 79 80 81 94 95 96 97 146 147 240 241 242 243 244 245 248 249 250 
1920	58 59 60 61 62 63 71 72 73 75 76 77 78 79 80 81 94 95 96 97 146 147 176 240 241 242 243 244 245 248 249 250 
1921	58 59 60 61 62 63 71 72 73 75 76 77 78 79 80 81 94 95 96 97 146 147 171 172 173 174 175 176 240 241 242 243 244 245 248 249 250 
1922	58 59 60 61 62 63 71 72 73 75 76 77 78 79 80 81 94 95 96 97 146 147 172 173 174 175 176 240 241 242 243 244 245 248 249 250 
1923	58 59 60 61 62 63 71 72 73 75 76 77 78 79 80 81 94 95 96 97 146 147 173 174 175 176 240 241 242 243 244 245 248 249 250 
1924	58 59 60 61 62 63 71 72 73 75 76 77 78 79 80 81 94 95 96 97 146 147 175 176 240 241 242 243 244 245 248 249 250 
1925	102 118 
1926	102 118 119 
1927	102 118 119 120 
1928	102 118 119 120 121 
1929	102 118 119 120 121 122 
1930	98 99 100 101 102 118 
1931	98 99 100 101 102 118 119 
1932	98 99 100 101 102 118 119 120 
1933	98 99 100 101 102 118 119 120 121 
1934	98 99 100 101 102 118 119 120 121 122 
1935	99 100 101 102 118 
1936	99 100 101 102 118 119 
1937	99 100 101 102 118 119 120 
1938	99 100 101 102 118 119 120 121 
1939	99 100 101 102 118 119 120 121 122 
1940	100 101 102 118 
1941	100 101 102 118 119 
1942	100 101 102 118 119 120 
1943	100 101 102 118 119 120 121 
1944	100 101 102 118 119 120 121 122 
1945	101 102 118 
1946	101 102 118 119 
1947	101 102 118 119 120 
1948	101 102 118 119 120 121 
1949	101 102 118 119 120 121 122 
1950	57 98 99 100 101 102 118 119 120 
1951	57 98 99 100 101 102 118 119 120 121 122 
1952	53 54 55 56 57 98 99 100 101 102 118 119 120 
1953	53 54 55 56 57 98 99 100 101 102 118 119 120 121 
1954	53 54 55 56 57 98 99 100 101 102 118 119 120 121 122 
1955	55 56 57 98 99 100 101 102 118 119 120 
1956	55 56 57 98 99 100 101 102 118 119 120 121 
1957	55 56 57 98 99 100 101 102 118 119 120 121 122 
1958	56 57 98 99 100 101 102 118 119 120 121 122 
1959	48 53 54 55 56 57 98 99 100 101 102 118 119 231 232 233 234 
1960	48 49 50 53 54 55 56 57 98 99 100 101 102 118 119 120 121 231 232 233 234 
1961	48 49 50 53 54 55 56 57 98 99 100 101 102 118 119 120 121 122 231 232 233 234 
1962	48 49 50 51 53 54 55 56 57 98 99 100 101 102 118 119 120 231 232 233 234 
1963	48 49 50 51 53 54 55 56 57 98 99 100 101 102 118 119 120 121 231 232 233 234 
1964	48 49 50 51 53 54 55 56 57 98 99 100 101 102 118 119 120 121 122 231 232 233 234 
1965	48 49 50 51 52 54 55 56 57 98 99 100 101 102 118 119 120 121 233 234 239 
1966	48 49 53 54 55 56 57 98 99 100 101 102 118 119 120 121 231 232 233 234 239 
1967	48 49 53 54 55 56 57 98 99 100 101 102 118 119 120 121 122 231 232 233 234 239 
1968	55 56 57 98 99 100 101 102 118 119 120 121 122 239 
1969	48 53 54 55 56 57 98 99 100 101 102 118 119 120 121 231 232 233 234 239 
1970	48 53 54 55 56 57 98 99 100 101 102 118 119 120 121 122 231 232 233 234 239 
1971	54 55 56 57 98 99 100 101 102 118 119 120 234 239 
1972	54 55 56 57 98 99 100 101 102 118 119 120 121 122 234 239 
1973	109 114 
1974	109 112 113 114 
1975	109 113 114 
1976	109 110 114 
1977	109 110 112 113 114 
1978	109 110 113 114 
1979	109 110 111 114 
1980	109 110 111 112 113 114 
1981	109 110 111 113 114 
1982	109 117 
1983	109 115 116 117 
1984	109 116 117 
1985	109 110 117 
1986	109 110 115 116 117 
1987	109 110 116 117 
1988	109 110 111 117 
1989	109 110 111 115 116 117 
1990	109 110 111 116 117 
1991	109 114 117 
1992	109 114 115 116 117 
1993	109 114 116 117 
1994	109 112 113 114 117 
1995	109 112 113 114 115 116 117 
1996	109 112 113 114 116 117 
1997	109 113 114 117 
1998	109 113 114 115 116 117 
1999	109 113 114 116 117 
2000	109 110 114 117 
2001	109 110 114 115 116 117 
2002	109 110 114 116 117 
2003	109 110 112 113 114 117 
2004	109 110 112 113 114 115 116 117 
2005	109 110 112 113 114 116 117 
2006	109 110 113 114 117 
2007	109 110 113 114 115 116 117 
2008	109 110 113 114 116 117 
2009	109 110 111 114 117 
2010	109 110 111 114 115 116 117 
2011	109 110 111 114 116 117 
2012	109 110 111 112 113 114 117 
2013	109 110 111 112 113 114 115 116 117 
2014	109 110 111 112 113 114 116 117 
2015	109 110 111 113 114 115 116 117 
2016	109 110 111 113 114 116 117 
2017	112 115 
2018	112 115 116 
2019	112 115 116 117 
2020	109 112 115 116 117 
2021	109 110 112 115 116 117 
2022	109 110 111 112 115 116 117 
2023	112 113 115 
2024	112 113 115 116 
2025	112 113 115 116 117 
2026	112 113 114 115 
2027	112 113 114 115 116 
2028	112 113 114 115 116 117 
2029	109 110 111 112 113 114 115 
2030	112 116 
2031	112 116 117 
2032	109 112 116 117 
2033	112 113 116 
2034	112 113 116 117 
2035	112 113 114 116 
2036	109 110 111 112 114 115 116 117 
2037	109 110 112 113 115 116 117 
2038	109 110 111 112 113 115 116 117 
2039	109 110 111 112 113 114 115 116 
2040	113 115 
2041	113 115 116 
2042	113 115 116 117 
2043	113 114 115 
2044	113 114 115 116 
2045	109 110 111 112 113 114 115 117 
2046	109 112 113 115 116 117 
2047	113 116 
2048	113 116 117 
2049	113 114 116 
2050	113 117 
2051	109 113 117 
2052	112 113 117 
2053	112 113 114 117 
2054	113 114 117 
2055	109 110 111 113 114 117 
2056	109 110 111 112 113 116 117 
2057	113 115 117 
2058	114 116 
2059	114 115 116 
2060	114 115 116 117 
2061	114 116 117 
2062	112 114 116 
2063	109 114 116 
2064	114 117 
2065	112 113 114 115 117 
2066	121 123 
2067	121 123 124 
2068	121 123 124 125 
2069	121 123 124 125 126 
2070	121 123 124 125 126 127 
2071	121 123 124 125 126 127 128 
2072	118 119 120 121 123 
2073	118 119 120 121 123 124 
2074	118 119 120 121 123 124 125 
2075	118 119 120 121 123 124 125 126 
2076	118 119 120 121 123 124 125 126 127 
2077	118 119 120 121 123 124 125 126 127 128 
2078	118 119 120 121 122 123 
2079	118 119 120 121 122 123 124 
2080	118 119 120 121 122 123 124 125 
2081	118 119 120 121 122 123 124 125 126 
2082	118 119 120 121 122 123 124 125 126 127 
2083	118 119 120 121 122 123 124 125 126 127 128 
2084	119 120 121 123 
2085	119 120 121 123 124 
2086	119 120 121 123 124 125 
2087	119 120 121 123 124 125 126 
2088	119 120 121 123 124 125 126 127 
2089	119 120 121 123 124 125 126 127 128 
2090	119 120 121 122 123 
2091	119 120 121 122 123 124 
2092	119 120 121 122 123 124 125 126 
2093	119 120 121 122 123 124 125 126 127 
2094	120 121 123 
2095	120 121 123 124 
2096	120 121 123 124 125 126 127 
2097	120 121 123 124 125 126 127 128 
2098	120 121 122 123 
2099	120 121 122 123 124 
2100	120 121 122 123 124 125 
2101	120 121 122 123 124 125 126 127 
2102	121 122 123 
2103	121 122 123 124 
2104	121 122 123 124 125 
2105	121 122 123 124 125 126 127 128 
2106	102 118 119 120 121 123 124 125 126 127 128 
2107	102 118 119 120 121 122 123 124 125 126 127 
2108	102 118 119 120 121 122 123 124 125 126 127 128 
2109	98 99 100 101 102 118 119 120 121 123 124 125 126 
2110	98 99 100 101 102 118 119 120 121 123 124 125 126 127 
2111	98 99 100 101 102 118 119 120 121 123 124 125 126 127 128 
2112	98 99 100 101 102 118 119 120 121 122 123 124 125 126 
2113	98 99 100 101 102 118 119 120 121 122 123 124 125 126 127 128 
2114	57 98 99 100 101 102 118 119 120 121 122 123 124 125 126 127 128 
2115	53 54 55 56 57 98 99 100 101 102 118 119 120 121 123 124 125 126 127 
2116	53 54 55 56 57 98 99 100 101 102 118 119 120 121 123 124 125 126 127 128 
2117	53 54 55 56 57 98 99 100 101 102 118 119 120 121 122 123 124 125 126 127 128 
2118	55 56 57 98 99 100 101 102 118 119 120 121 123 124 125 126 127 128 
2119	55 56 57 98 99 100 101 102 118 119 120 121 122 123 124 125 126 
2120	48 49 50 53 54 55 56 57 98 99 100 101 102 118 119 120 121 123 124 231 232 233 234 
2121	48 49 50 53 54 55 56 57 98 99 100 101 102 118 119 120 121 123 124 125 126 127 231 232 233 234 
2122	48 49 50 53 54 55 56 57 98 99 100 101 102 118 119 120 121 123 124 125 126 127 128 231 232 233 234 
2123	48 49 50 53 54 55 56 57 98 99 100 101 102 118 119 120 121 122 123 124 125 126 231 232 233 234 
2124	48 49 50 53 54 55 56 57 98 99 100 101 102 118 119 120 121 122 123 124 125 126 127 231 232 233 234 
2125	48 49 50 53 54 55 56 57 98 99 100 101 102 118 119 120 121 122 123 124 125 126 127 128 231 232 233 234 
2126	48 49 50 51 53 54 55 56 57 98 99 100 101 102 118 119 120 121 123 124 125 126 231 232 233 234 
2127	48 49 53 54 55 56 57 98 99 100 101 102 118 119 120 121 123 124 125 126 127 128 231 232 233 234 239 
2128	48 49 53 54 55 56 57 98 99 100 101 102 118 119 120 121 122 123 124 125 126 127 128 231 232 233 234 239 
2129	48 53 54 55 56 57 98 99 100 101 102 118 119 120 121 123 124 125 126 127 128 231 232 233 234 239 
2130	48 53 54 55 56 57 98 99 100 101 102 118 119 120 121 122 123 124 125 126 127 128 231 232 233 234 239 
2131	122 123 
2132	122 123 124 
2133	122 123 124 125 
2134	122 123 124 125 126 
2135	122 123 124 125 126 127 
2136	122 123 124 125 126 127 128 
2137	55 56 57 98 99 100 101 102 118 119 120 121 122 123 124 125 126 127 128 
2138	119 120 121 122 123 124 125 126 127 128 
2139	120 121 122 123 124 125 126 127 128 
2140	102 118 119 120 121 122 123 124 125 126 
2141	98 99 100 101 102 118 119 120 121 122 123 124 125 126 127 
2142	48 49 50 53 54 55 56 57 98 99 100 101 102 118 119 120 121 122 123 124 231 232 233 234 
2143	48 49 50 51 53 54 55 56 57 98 99 100 101 102 118 119 120 121 122 123 124 125 126 231 232 233 234 
2144	53 54 55 56 57 98 99 100 101 102 118 119 120 121 122 123 124 125 126 127 
2145	48 49 50 51 53 54 55 56 57 98 99 100 101 102 118 119 120 121 122 123 124 125 126 127 128 231 232 233 234 
2146	48 49 50 51 53 54 55 56 57 98 99 100 101 102 118 119 120 121 122 123 124 125 126 127 231 232 233 234 
2147	48 49 53 54 55 56 57 98 99 100 101 102 118 119 120 121 122 123 124 125 126 127 231 232 233 234 239 
2148	48 49 53 54 55 56 57 98 99 100 101 102 118 119 120 121 122 123 124 125 126 231 232 233 234 239 
2149	55 56 57 98 99 100 101 102 118 119 120 121 122 123 124 125 126 127 239 
2150	48 49 50 53 54 55 56 57 98 99 100 101 102 118 119 120 121 122 123 124 125 126 127 231 232 233 234 239 
2151	48 49 50 53 54 55 56 57 98 99 100 101 102 118 119 120 121 122 123 124 125 126 127 128 231 232 233 234 239 
2152	48 49 50 51 53 54 55 56 57 98 99 100 101 102 118 119 120 121 122 123 124 125 126 231 232 233 234 239 
2153	48 53 54 55 56 57 98 99 100 101 102 118 119 120 121 122 123 124 125 126 127 231 232 233 234 239 
2154	48 49 50 53 54 55 56 57 98 99 100 101 102 118 119 120 121 122 123 124 231 232 233 234 239 
2155	102 118 119 120 121 122 123 
2156	131 136 
2157	131 136 137 
2158	131 136 137 138 
2159	131 136 137 138 139 
2160	129 130 131 136 
2161	129 130 131 136 137 
2162	129 130 131 136 137 138 
2163	129 130 131 136 137 138 139 
2164	130 131 136 
2165	130 131 136 137 
2166	130 131 136 137 138 
2167	130 131 136 137 138 139 
2168	93 129 130 131 136 
2169	93 129 130 131 136 137 
2170	93 129 130 131 136 137 138 
2171	93 129 130 131 136 137 138 139 
2172	91 92 93 129 130 131 136 137 
2173	91 92 93 129 130 131 136 137 138 
2174	91 92 93 129 130 131 136 137 138 139 
2175	92 93 129 130 131 136 137 138 
2176	92 93 129 130 131 136 137 138 139 
2177	87 88 89 91 92 93 129 130 131 136 137 
2178	87 88 89 91 92 93 129 130 131 136 137 138 139 
2179	90 91 92 93 129 130 131 136 137 138 139 
2180	91 92 93 129 130 131 136 137 138 139 142 
2181	91 92 93 129 130 131 136 137 138 142 143 
2182	89 91 92 93 129 130 131 136 137 142 143 
2183	89 91 92 93 129 130 131 136 137 138 139 142 143 
2184	83 84 89 90 91 92 93 129 130 131 136 137 138 142 143 144 145 
2185	90 91 92 93 129 130 131 136 137 138 142 143 145 
2186	90 91 92 93 129 130 131 136 137 138 139 142 143 145 
2187	82 83 84 91 92 93 129 130 131 136 137 138 142 143 144 145 
2188	82 83 84 89 90 91 92 93 129 130 131 136 142 143 144 145 
2189	82 83 84 89 90 91 92 93 129 130 131 136 137 142 143 144 145 
2190	82 83 84 89 90 91 92 93 129 130 131 136 137 138 142 143 144 145 
2191	132 138 
2192	132 136 137 138 
2193	132 136 137 138 139 
2194	132 137 138 
2195	132 137 138 139 
2196	132 138 139 
2197	131 132 136 137 138 
2198	131 132 136 137 138 139 
2199	129 130 131 132 136 137 138 
2200	129 130 131 132 136 137 138 139 
2201	130 131 132 136 137 138 
2202	130 131 132 136 137 138 139 
2203	93 129 130 131 132 136 137 138 
2204	93 129 130 131 132 136 137 138 139 
2205	91 92 93 129 130 131 132 136 137 138 139 
2206	87 88 89 91 92 93 129 130 131 132 136 137 138 139 
2207	89 91 92 93 129 130 131 132 136 137 138 139 142 143 
2208	132 133 138 
2209	132 133 136 137 138 
2210	132 133 136 137 138 139 
2211	132 133 137 138 
2212	132 133 137 138 139 
2213	132 133 138 139 
2214	131 132 133 136 137 138 
2215	131 132 133 136 137 138 139 
2216	129 130 131 132 133 136 137 138 
2217	129 130 131 132 133 136 137 138 139 
2218	91 92 93 129 130 131 132 133 136 137 138 139 
2219	92 93 129 130 131 132 133 136 137 138 139 
2220	91 92 93 129 130 131 132 133 136 137 138 142 143 
2221	82 83 84 91 92 93 129 130 131 132 133 136 137 138 142 143 144 145 
2222	132 133 134 138 
2223	132 133 134 136 137 138 
2224	132 133 134 136 137 138 139 
2225	132 133 134 137 138 
2226	132 133 134 137 138 139 
2227	132 133 134 138 139 
2228	130 131 132 133 134 136 137 138 
2229	93 129 130 131 132 133 134 136 137 138 
2230	90 91 92 93 129 130 131 132 133 134 136 137 138 139 
2231	89 91 92 93 129 130 131 132 133 134 136 137 138 139 142 143 
2232	83 84 89 90 91 92 93 129 130 131 132 133 134 136 137 138 142 143 144 145 
2233	90 91 92 93 129 130 131 132 133 134 136 137 138 142 143 145 
2234	90 91 92 93 129 130 131 132 133 134 136 137 138 139 142 143 145 
2235	132 133 134 135 138 
2236	132 133 134 135 136 137 138 
2237	132 133 134 135 137 138 
2238	132 133 134 135 137 138 139 
2239	132 133 134 135 138 139 
2240	131 132 133 134 135 136 137 138 139 
2241	129 130 131 132 133 134 135 136 137 138 139 
2242	91 92 93 129 130 131 132 133 134 135 136 137 138 139 
2243	83 84 89 90 91 92 93 129 130 131 132 133 134 135 136 137 138 142 143 144 145 
2244	132 139 
2245	132 133 139 
2246	132 133 134 139 
2247	132 133 134 135 139 
2248	90 91 92 93 129 130 131 132 136 137 138 139 142 143 145 
2249	93 129 130 131 132 133 136 137 138 139 
2250	90 91 92 93 129 130 131 132 133 136 137 138 139 142 143 145 
2251	91 92 93 129 130 131 132 133 136 137 138 139 142 143 
2252	131 132 133 134 136 137 138 139 
2253	87 88 89 91 92 93 129 130 131 132 133 134 136 137 138 139 
2254	129 130 131 132 133 134 136 137 138 139 
2255	91 92 93 129 130 131 132 133 134 136 137 138 139 
2256	132 133 134 135 136 137 138 139 
2257	90 91 92 93 129 130 131 132 133 134 135 136 137 138 139 142 143 145 
2258	135 170 
2259	135 165 166 167 168 169 170 
2260	135 166 167 168 169 170 
2261	135 167 168 169 170 
2262	135 168 169 170 
2263	135 169 170 
2264	132 133 134 135 170 
2265	132 133 134 135 165 166 167 168 169 170 
2266	132 133 134 135 166 167 168 169 170 
2267	132 133 134 135 167 168 169 170 
2268	132 133 134 135 168 169 170 
2269	132 133 134 135 169 170 
2270	133 134 135 170 
2271	133 134 135 165 166 167 168 169 170 
2272	133 134 135 166 167 168 169 170 
2273	133 134 135 167 168 169 170 
2274	133 134 135 168 169 170 
2275	133 134 135 169 170 
2276	134 135 170 
2277	134 135 165 166 167 168 169 170 
2278	134 135 166 167 168 169 170 
2279	134 135 167 168 169 170 
2280	134 135 168 169 170 
2281	134 135 169 170 
2282	132 133 134 135 138 165 166 167 168 169 170 
2283	132 133 134 135 138 166 167 168 169 170 
2284	132 133 134 135 138 167 168 169 170 
2285	132 133 134 135 136 137 138 165 166 167 168 169 170 
2286	132 133 134 135 136 137 138 166 167 168 169 170 
2287	132 133 134 135 136 137 138 167 168 169 170 
2288	132 133 134 135 137 138 165 166 167 168 169 170 
2289	132 133 134 135 137 138 166 167 168 169 170 
2290	132 133 134 135 137 138 139 165 166 167 168 169 170 
2291	132 133 134 135 138 139 165 166 167 168 169 170 
2292	131 132 133 134 135 136 137 138 139 165 166 167 168 169 170 
2293	129 130 131 132 133 134 135 136 137 138 139 165 166 167 168 169 170 
2294	129 130 131 132 133 134 135 136 137 138 139 166 167 168 169 170 
2295	91 92 93 129 130 131 132 133 134 135 136 137 138 139 165 166 167 168 169 170 
2296	132 133 134 135 139 170 
2297	132 133 134 135 139 165 166 167 168 169 170 
2298	132 133 134 135 139 167 168 169 170 
2299	132 133 134 135 139 168 169 170 
2300	132 133 134 135 139 169 170 
2301	132 133 134 135 136 137 138 139 165 166 167 168 169 170 
2302	90 91 92 93 129 130 131 132 133 134 135 136 137 138 139 142 143 145 168 169 170 
2303	90 91 92 93 129 130 131 132 133 134 135 136 137 138 139 142 143 145 169 170 
2304	91 92 93 129 130 131 132 133 134 135 136 137 138 165 166 167 168 169 170 
2305	92 93 129 130 131 132 133 134 135 136 137 138 145 165 166 167 168 169 170 
2306	132 133 134 135 136 137 138 139 166 167 168 169 170 
2307	130 131 132 133 134 135 136 137 138 139 165 166 167 168 169 170 
2308	140 146 
2309	140 146 147 
2310	140 146 147 148 
2311	72 140 146 
2312	72 140 146 147 148 
2313	72 73 140 146 147 
2314	72 77 140 146 
2315	72 75 76 77 140 146 
2316	72 77 78 140 146 147 148 
2317	67 68 72 73 74 140 146 147 246 247 
2318	58 59 60 61 62 63 67 68 72 73 74 76 77 78 79 80 81 94 95 96 97 140 146 171 172 173 174 175 176 243 244 245 246 247 248 249 250 
2319	58 59 60 61 62 63 67 68 72 73 74 76 77 78 79 80 81 94 95 96 97 140 146 172 173 174 175 176 243 244 245 246 247 248 249 250 
2320	58 59 60 61 62 63 67 68 72 73 74 76 77 78 79 80 81 94 95 96 97 140 146 173 174 175 176 243 244 245 246 247 248 249 250 
2321	58 59 60 61 62 63 71 72 73 75 76 77 78 79 80 81 94 95 96 97 140 146 147 240 241 242 243 244 245 248 249 250 
2322	140 141 146 
2323	140 141 146 147 
2324	140 141 146 147 148 
2325	72 140 141 146 
2326	58 59 60 61 62 63 67 68 72 73 74 76 77 78 79 80 81 94 95 96 97 140 141 146 172 173 174 175 176 243 244 245 246 247 248 249 250 
2327	58 59 60 61 62 63 67 68 72 73 74 76 77 78 79 80 81 94 95 96 97 140 141 146 173 174 175 176 243 244 245 246 247 248 249 250 
2328	140 147 
2329	140 147 148 
2330	140 141 147 
2331	140 141 147 148 
2332	58 59 60 61 62 63 71 72 73 75 76 77 78 79 80 81 94 95 96 97 140 146 147 171 172 173 174 175 176 240 241 242 243 244 245 248 249 250 
2333	67 72 73 74 75 76 77 78 140 146 147 148 240 241 242 246 247 
2334	67 68 69 70 71 72 73 74 75 76 77 78 79 80 81 140 146 147 148 243 244 245 246 247 
2335	67 68 69 70 71 72 73 74 75 76 77 78 79 80 81 94 140 146 147 148 243 244 245 246 247 
2336	141 147 
2337	141 146 147 
2338	141 146 147 148 
2339	141 147 148 
2340	72 141 146 147 
2341	67 68 69 70 71 72 73 74 75 76 77 78 79 80 81 140 141 146 147 148 243 244 245 246 247 
2342	72 73 140 141 146 147 
2343	67 72 73 74 75 76 77 78 140 141 146 147 148 240 241 242 246 247 
2344	141 148 
2345	140 141 148 
2346	140 141 146 148 
2347	72 73 140 141 146 147 148 
2348	141 149 
2349	141 149 150 
2350	141 149 150 151 
2351	140 141 149 
2352	140 141 149 150 
2353	140 141 149 150 151 
2354	140 141 146 149 
2355	140 141 146 149 150 
2356	140 141 146 149 150 151 
2357	140 141 146 147 149 
2358	140 141 146 147 149 150 
2359	140 141 146 147 149 150 151 
2360	140 141 146 147 148 149 
2361	140 141 146 147 148 149 150 
2362	140 141 146 147 148 149 150 151 
2363	140 141 147 149 
2364	140 141 147 149 150 
2365	140 141 147 149 150 151 
2366	140 141 147 148 149 
2367	140 141 147 148 149 150 
2368	140 141 147 148 149 150 151 
2369	141 147 149 
2370	141 147 149 150 
2371	141 147 149 150 151 
2372	141 147 148 149 
2373	67 68 69 70 71 72 73 74 75 76 77 78 79 80 81 140 141 146 147 148 149 150 243 244 245 246 247 
2374	72 73 140 141 146 147 149 150 
2375	72 73 140 141 146 147 149 150 151 
2376	67 72 73 74 75 76 77 78 140 141 146 147 148 149 240 241 242 246 247 
2377	141 148 149 
2378	141 148 149 150 
2379	141 148 149 150 151 
2380	140 141 148 149 150 
2381	140 141 148 149 150 151 
2382	72 73 140 141 146 147 148 149 150 
2383	72 73 140 141 146 147 148 149 150 151 
2384	91 142 145 
2385	91 92 142 145 
2386	91 92 93 129 142 
2387	89 91 142 143 145 
2388	87 88 89 91 142 143 145 
2389	82 83 84 90 91 144 145 
2390	83 84 92 144 145 
2391	84 90 92 144 145 
2392	84 88 89 90 145 
2393	84 89 90 145 
2394	84 90 91 145 
2395	84 91 145 
2396	89 90 92 145 
2397	90 92 93 145 
2398	92 93 129 145 
2399	89 91 92 93 129 130 131 136 137 138 145 
2400	72 140 141 146 147 149 150 151 
2401	67 68 72 74 140 141 146 147 148 149 150 151 246 247 
2402	58 59 60 61 62 63 67 68 72 73 74 76 77 78 79 80 81 94 95 96 97 140 141 146 149 150 151 243 244 245 246 247 248 249 250 
2403	58 59 60 61 62 63 67 68 72 73 74 76 77 78 79 80 81 94 95 96 97 140 141 146 147 149 150 243 244 245 246 247 248 249 250 
2404	146 247 
2405	146 246 247 
2406	68 146 246 247 
2407	67 68 146 246 247 
2408	73 146 247 
2409	146 147 247 
2410	67 68 74 146 147 246 247 
2411	73 146 147 246 247 
2412	146 147 148 247 
2413	72 73 146 246 247 
2414	140 146 247 
2415	67 68 72 73 140 146 147 246 247 
2416	140 141 146 149 150 151 247 
2417	68 140 141 146 149 150 151 246 247 
2418	68 72 73 140 141 146 149 150 151 246 247 
2419	67 68 72 73 74 140 141 146 149 150 151 246 247 
2420	67 68 72 73 74 140 141 146 147 149 150 151 246 247 
2421	67 72 73 74 146 
2422	72 76 77 146 242 
2423	71 72 73 77 78 79 80 81 94 95 96 97 140 146 243 244 245 
2424	71 72 73 77 78 79 80 81 140 141 146 149 243 244 245 
2425	71 72 73 77 78 79 80 81 94 95 96 140 141 146 149 150 243 244 245 
2426	72 75 76 77 78 146 247 
2427	72 73 74 146 247 
2428	67 68 72 73 74 75 76 77 140 141 146 147 149 150 151 246 247 
2429	71 72 73 75 76 77 78 79 80 81 94 95 96 140 141 146 147 148 149 150 243 244 245 246 247 
2430	67 71 72 73 74 75 76 77 78 79 80 81 94 95 96 140 141 146 147 148 149 150 240 241 242 243 244 245 246 247 
2431	67 68 72 73 74 75 76 77 78 140 141 146 147 148 149 150 151 241 242 246 247 
2432	71 72 73 75 76 77 78 79 80 140 141 146 147 149 150 240 241 242 243 244 245 
2433	69 70 71 72 73 74 75 76 77 78 79 80 81 94 95 96 97 140 146 147 148 243 244 245 246 247 
2434	140 141 146 147 148 149 150 151 247 
2435	73 140 146 147 246 247 
2436	73 140 141 146 147 149 150 151 246 247 
2437	72 141 146 147 148 
2438	67 68 72 73 140 141 146 147 149 150 151 246 247 
2439	147 149 
2440	147 149 150 
2441	147 149 150 151 
2442	146 147 149 
2443	147 148 149 
2444	72 76 77 78 146 147 149 150 151 
2445	67 71 72 73 74 75 76 77 78 79 80 81 140 141 146 147 148 149 240 241 242 243 244 245 246 247 
2446	67 72 73 74 75 76 77 78 140 141 146 147 148 149 150 151 240 241 242 246 247 
2447	67 68 72 73 74 75 76 77 78 140 141 146 147 148 149 150 151 240 241 242 246 247 
2448	72 73 140 141 146 147 148 149 150 151 247 
2449	67 68 72 73 74 75 76 77 140 141 146 147 148 149 150 151 246 247 
2450	141 147 148 149 150 151 
2451	148 149 
2452	148 149 150 
2453	148 149 150 151 
2454	67 68 72 73 75 76 77 78 140 141 146 147 148 149 150 151 240 241 242 246 247 
2455	72 140 141 146 147 148 149 150 151 
2456	140 141 148 149 
2457	68 72 73 140 141 146 148 149 150 151 246 247 
2458	73 140 141 146 147 148 149 150 151 246 247 
2459	67 68 72 73 140 141 146 147 148 149 150 151 246 247 
2460	140 141 146 148 149 
2461	140 141 146 148 149 150 151 
2462	68 72 74 146 147 148 149 246 247 
2463	154 155 
2464	152 153 154 155 
2465	153 154 155 
2466	157 158 
2467	157 158 159 
2468	157 158 159 160 
2469	156 157 158 
2470	156 157 158 159 
2471	156 157 158 159 160 
2472	157 159 
2473	157 159 160 
2474	156 157 159 
2475	156 157 159 160 
2476	157 160 
2477	156 157 160 
2478	157 158 160 
2479	156 157 158 160 
2480	160 161 
2481	158 159 160 161 
2482	159 160 161 
2483	157 158 159 160 161 
2484	156 157 158 159 160 161 
2485	157 159 160 161 
2486	156 157 159 160 161 
2487	157 160 161 
2488	156 157 160 161 
2489	157 158 160 161 
2490	156 157 158 160 161 
2491	161 188 
2492	160 161 188 
2493	158 159 160 161 188 
2494	159 160 161 188 
2495	157 158 159 160 161 188 
2496	156 157 158 159 160 161 188 
2497	157 159 160 161 188 
2498	156 157 159 160 161 188 
2499	157 160 161 188 
2500	156 157 160 161 188 
2501	157 158 160 161 188 
2502	156 157 158 160 161 188 
2503	165 188 
2504	161 165 188 
2505	160 161 165 188 
2506	158 159 160 161 165 188 
2507	159 160 161 165 188 
2508	157 158 159 160 161 165 188 
2509	156 157 158 159 160 161 165 188 
2510	156 157 159 160 161 165 188 
2511	156 157 160 161 165 188 
2512	156 157 158 160 161 165 188 
2513	165 166 188 
2514	161 165 166 188 
2515	158 159 160 161 165 166 188 
2516	159 160 161 165 166 188 
2517	157 158 159 160 161 165 166 188 
2518	156 157 158 159 160 161 165 166 188 
2519	157 159 160 161 165 166 188 
2520	156 157 158 160 161 165 166 188 
2521	165 166 167 188 
2522	161 165 166 167 188 
2523	157 158 159 160 161 165 166 167 188 
2524	156 157 158 159 160 161 165 166 167 188 
2525	157 159 160 161 165 166 167 188 
2526	156 157 159 160 161 165 166 167 188 
2527	156 157 160 161 165 166 167 188 
2528	157 158 159 160 161 165 166 167 168 188 
2529	156 157 158 159 160 161 165 166 167 168 188 
2530	158 159 160 161 165 166 167 168 169 188 
2531	157 158 159 160 161 165 166 167 168 169 188 
2532	156 157 158 159 160 161 165 166 167 168 169 188 
2533	156 157 158 159 160 161 165 166 167 168 169 170 188 
2534	132 133 134 135 160 161 165 166 167 168 169 170 188 
2535	132 133 134 135 158 159 160 161 165 166 167 168 169 170 188 
2536	132 133 134 135 159 160 161 165 166 167 168 169 170 188 
2537	132 133 134 135 157 158 159 160 161 165 166 167 168 169 170 188 
2538	133 134 135 156 157 158 159 160 161 165 166 167 168 169 170 188 
2539	132 133 134 135 138 156 157 158 159 160 161 165 166 167 168 169 170 188 
2540	132 133 134 135 136 137 138 158 159 160 161 165 166 167 168 169 170 188 
2541	132 133 134 135 136 137 138 156 157 158 159 160 161 165 166 167 168 169 170 188 
2542	132 133 134 135 138 139 156 157 158 159 160 161 165 166 167 168 169 170 188 
2543	171 262 
2544	171 257 258 259 260 261 262 
2545	171 258 259 260 261 262 
2546	171 259 260 261 262 
2547	171 260 261 262 
2548	171 261 262 
2549	171 172 262 
2550	171 172 257 258 259 260 261 262 
2551	171 172 258 259 260 261 262 
2552	171 172 259 260 261 262 
2553	171 172 260 261 262 
2554	171 172 261 262 
2555	171 172 173 262 
2556	171 172 173 257 258 259 260 261 262 
2557	171 172 173 258 259 260 261 262 
2558	171 172 173 259 260 261 262 
2559	171 172 173 260 261 262 
2560	171 172 173 261 262 
2561	171 172 173 174 262 
2562	171 172 173 174 257 258 259 260 261 262 
2563	171 172 173 174 258 259 260 261 262 
2564	171 172 173 174 259 260 261 262 
2565	171 172 173 174 260 261 262 
2566	171 172 173 174 261 262 
2567	171 172 173 174 175 262 
2568	171 172 173 174 175 257 258 259 260 261 262 
2569	171 172 173 174 175 176 257 258 259 260 261 262 
2570	171 172 173 174 175 176 258 259 260 261 262 
2571	58 171 172 173 174 175 176 257 258 259 260 261 262 
2572	58 59 171 172 173 174 175 176 257 258 259 260 261 262 
2573	58 59 171 172 173 174 175 176 258 259 260 261 262 
2574	58 59 60 61 62 171 172 173 174 175 176 257 258 259 260 261 262 
2575	58 59 60 61 62 171 172 173 174 175 176 258 259 260 261 262 
2576	58 59 60 61 62 63 171 172 173 174 175 176 257 258 259 260 261 262 
2577	58 59 60 61 62 63 94 95 96 97 171 172 173 174 175 176 248 249 250 257 258 259 260 261 262 
2578	58 59 60 61 62 63 94 95 96 97 171 172 173 174 175 176 248 249 250 258 259 260 261 262 
2579	58 59 60 61 62 63 94 95 96 97 171 172 173 174 175 176 248 249 250 259 260 261 262 
2580	187 257 
2581	187 257 258 
2582	187 257 258 259 
2583	187 257 258 259 260 
2584	187 257 258 259 260 261 
2585	187 257 258 259 260 261 262 
2586	171 187 257 258 259 260 261 262 
2587	171 172 187 257 258 259 260 261 262 
2588	171 172 173 187 257 258 259 260 261 262 
2589	171 172 173 174 187 257 258 259 260 261 262 
2590	171 172 173 174 175 187 257 258 259 260 261 262 
2591	171 172 173 174 175 176 187 257 258 259 260 261 262 
2592	58 59 60 61 62 171 172 173 174 175 176 187 257 258 259 260 261 262 
2593	182 183 184 185 186 187 257 
2594	182 183 184 185 186 187 257 258 
2595	182 183 184 185 186 187 257 258 259 
2596	182 183 184 185 186 187 257 258 259 260 
2597	182 183 184 185 186 187 257 258 259 260 261 
2598	182 183 184 185 186 187 257 258 259 260 261 262 
2599	171 182 183 184 185 186 187 257 258 259 260 261 262 
2600	171 172 182 183 184 185 186 187 257 258 259 260 261 262 
2601	171 172 173 182 183 184 185 186 187 257 258 259 260 261 262 
2602	171 172 173 174 182 183 184 185 186 187 257 258 259 260 261 262 
2603	171 172 173 174 175 182 183 184 185 186 187 257 258 259 260 261 262 
2604	171 172 173 174 175 176 182 183 184 185 186 187 257 258 259 260 261 262 
2605	58 171 172 173 174 175 176 182 183 184 185 186 187 257 258 259 260 261 262 
2606	58 59 60 61 62 171 172 173 174 175 176 182 183 184 185 186 187 257 258 259 260 261 262 
2607	58 59 60 61 62 63 171 172 173 174 175 176 182 183 184 185 186 187 257 258 259 260 261 262 
2608	58 59 60 61 62 63 94 95 96 97 171 172 173 174 175 176 182 183 184 185 186 187 248 249 250 257 258 259 260 261 262 
2609	183 184 185 186 187 257 
2610	183 184 185 186 187 257 258 
2611	183 184 185 186 187 257 258 259 
2612	183 184 185 186 187 257 258 259 260 
2613	183 184 185 186 187 257 258 259 260 261 
2614	183 184 185 186 187 257 258 259 260 261 262 
2615	171 183 184 185 186 187 257 258 259 260 261 262 
2616	171 172 183 184 185 186 187 257 258 259 260 261 262 
2617	58 59 60 61 62 63 94 95 96 97 171 172 173 174 175 176 183 184 185 186 187 248 249 250 257 258 259 260 261 262 
2618	184 185 186 187 257 
2619	184 185 186 187 257 258 
2620	184 185 186 187 257 258 259 
2621	184 185 186 187 257 258 259 260 
2622	185 186 187 257 
2623	185 186 187 257 258 
2624	185 186 187 257 258 259 
2625	185 186 187 257 258 259 260 
2626	185 186 187 257 258 259 260 261 
2627	186 187 257 
2628	186 187 257 258 
2629	186 187 257 258 259 
2630	186 187 257 258 259 260 
2631	186 187 257 258 259 260 261 
2632	189 262 
2633	189 258 259 260 261 262 
2634	189 259 260 261 262 
2635	189 260 261 262 
2636	189 261 262 
2637	171 189 262 
2638	171 189 260 261 262 
2639	171 189 261 262 
2640	171 172 189 262 
2641	171 172 189 261 262 
2642	171 172 173 189 261 262 
2643	182 183 184 185 186 187 189 257 258 259 260 261 262 
2644	171 182 183 184 185 186 187 189 257 258 259 260 261 262 
2645	171 172 173 182 183 184 185 186 187 189 257 258 259 260 261 262 
2646	171 172 173 174 175 176 182 183 184 185 186 187 189 257 258 259 260 261 262 
2647	58 59 60 61 62 171 172 173 174 175 176 182 183 184 185 186 187 189 257 258 259 260 261 262 
2648	58 59 60 61 62 63 94 95 96 97 171 172 173 174 175 176 182 183 184 185 186 187 189 248 249 250 257 258 259 260 261 262 
2649	183 184 185 186 187 189 257 258 259 260 261 262 
2650	58 59 60 61 62 63 94 95 96 97 171 172 173 174 175 176 183 184 185 186 187 189 248 249 250 257 258 259 260 261 262 
2651	189 190 262 
2652	189 190 258 259 260 261 262 
2653	189 190 259 260 261 262 
2654	189 190 260 261 262 
2655	189 190 261 262 
2656	171 189 190 262 
2657	171 172 189 190 262 
2658	171 172 173 189 190 262 
2659	182 183 184 185 186 187 189 190 257 258 259 260 261 262 
2660	171 172 182 183 184 185 186 187 189 190 257 258 259 260 261 262 
2661	171 172 173 174 175 182 183 184 185 186 187 189 190 257 258 259 260 261 262 
2662	58 59 60 61 62 171 172 173 174 175 176 182 183 184 185 186 187 189 190 257 258 259 260 261 262 
2663	189 190 191 262 
2664	189 190 191 258 259 260 261 262 
2665	189 190 191 260 261 262 
2666	189 190 191 261 262 
2667	171 172 189 190 191 262 
2668	171 172 189 190 191 261 262 
2669	171 182 183 184 185 186 187 189 190 191 257 258 259 260 261 262 
2670	171 172 173 174 182 183 184 185 186 187 189 190 191 257 258 259 260 261 262 
2671	58 59 60 61 62 63 94 95 96 97 171 172 173 174 175 176 183 184 185 186 187 189 190 191 248 249 250 257 258 259 260 261 262 
2672	190 195 
2673	189 190 195 
2674	189 190 191 195 
2675	190 191 195 
2676	189 190 195 262 
2677	171 172 173 189 190 195 262 
2678	189 190 191 195 262 
2679	189 190 191 195 258 259 260 261 262 
2680	189 190 191 195 260 261 262 
2681	171 172 189 190 191 195 262 
2682	171 182 183 184 185 186 187 189 190 191 195 257 258 259 260 261 262 
2683	191 192 
2684	191 192 193 
2685	191 192 193 194 
2686	189 190 191 192 
2687	189 190 191 192 193 
2688	189 190 191 192 193 194 
2689	190 191 192 
2690	190 191 192 193 
2691	190 191 192 193 194 
2692	189 190 191 192 262 
2693	189 190 191 192 193 262 
2694	189 190 191 192 193 194 262 
2695	189 190 191 192 193 258 259 260 261 262 
2696	189 190 191 192 193 194 258 259 260 261 262 
2697	189 190 191 192 193 260 261 262 
2698	189 190 191 192 193 194 260 261 262 
2699	189 190 191 192 193 261 262 
2700	189 190 191 192 193 194 261 262 
2701	171 172 189 190 191 192 193 194 261 262 
2702	171 182 183 184 185 186 187 189 190 191 192 193 194 257 258 259 260 261 262 
2703	171 172 173 174 182 183 184 185 186 187 189 190 191 192 193 194 257 258 259 260 261 262 
2704	189 190 191 192 195 
2705	189 190 191 192 193 195 
2706	189 190 191 192 193 194 195 
2707	190 191 192 195 
2708	190 191 192 193 195 
2709	190 191 192 193 194 195 
2710	189 190 191 192 195 262 
2711	189 190 191 192 193 195 262 
2712	189 190 191 192 193 194 195 262 
2713	189 190 191 192 193 194 195 258 259 260 261 262 
2714	171 172 189 190 191 192 193 194 195 262 
2715	191 195 
2716	171 172 173 174 182 183 184 185 186 187 189 190 191 195 257 258 259 260 261 262 
2717	58 59 60 61 62 63 94 95 96 97 171 172 173 174 175 176 183 184 185 186 187 189 190 191 195 248 249 250 257 258 259 260 261 262 
2718	191 192 195 
2719	191 192 193 195 
2720	191 192 193 194 195 
2721	171 172 173 189 190 191 192 193 195 262 
2722	171 172 173 189 190 191 192 193 194 195 262 
2723	189 190 191 192 193 195 258 259 260 261 262 
2724	171 172 173 189 190 191 192 193 194 195 258 259 260 261 262 
2725	189 190 191 192 193 195 260 261 262 
2726	189 190 191 192 193 195 261 262 
2727	171 172 173 189 190 191 192 193 195 261 262 
2728	189 190 191 192 193 194 195 261 262 
2729	171 182 183 184 185 186 187 189 190 191 192 193 194 195 257 258 259 260 261 262 
2730	171 172 173 182 183 184 185 186 187 189 190 191 192 193 194 195 257 258 259 260 261 262 
2731	171 172 173 174 182 183 184 185 186 187 189 190 191 192 193 194 195 257 258 259 260 261 262 
2732	58 59 60 61 62 63 94 95 96 97 171 172 173 174 175 176 183 184 185 186 187 189 190 191 192 195 248 249 250 257 258 259 260 261 262 
2733	58 59 60 61 62 63 94 95 96 97 171 172 173 174 175 176 183 184 185 186 187 189 190 191 192 193 195 248 249 250 257 258 259 260 261 262 
2734	58 59 60 61 62 63 94 95 96 97 171 172 173 174 175 176 183 184 185 186 187 189 190 191 192 193 194 195 248 249 250 257 258 259 260 261 262 
2735	58 59 60 61 62 171 172 173 174 175 176 182 183 184 185 186 187 189 190 191 192 193 195 257 258 259 260 261 262 
2736	58 59 60 61 62 171 172 173 174 175 176 182 183 184 185 186 187 189 190 191 192 193 194 195 257 258 259 260 261 262 
2737	198 199 
2738	198 199 200 
2739	198 199 200 201 
2740	196 197 198 199 
2741	196 197 198 199 200 
2742	196 197 198 199 200 201 
2743	197 198 199 
2744	197 198 199 200 
2745	197 198 199 200 201 
2746	198 200 
2747	198 200 201 
2748	196 197 198 200 
2749	196 197 198 200 201 
2750	197 198 200 
2751	197 198 200 201 
2752	225 229 
2753	225 228 229 
2754	225 226 229 
2755	225 226 228 229 
2756	225 230 
2757	225 226 230 
2758	225 229 230 
2759	225 228 229 230 
2760	225 226 229 230 
2761	225 226 228 229 230 
2762	225 227 
2763	225 226 227 
2764	225 227 229 
2765	225 227 228 229 
2766	225 226 227 229 
2767	225 226 227 228 229 
2768	225 227 230 
2769	225 226 227 230 
2770	225 227 229 230 
2771	225 227 228 229 230 
2772	225 226 227 229 230 
2773	225 226 227 228 229 230 
2774	226 228 
2775	226 228 229 
2776	225 226 228 
2777	225 226 228 230 
2778	225 226 227 228 
2779	225 226 227 228 230 
2780	226 229 
2781	226 230 
2782	226 228 230 
2783	226 228 229 230 
2784	226 229 230 
2785	226 227 
2786	226 227 228 
2787	226 227 228 229 
2788	226 227 229 
2789	226 227 230 
2790	226 227 228 230 
2791	226 227 228 229 230 
2792	226 227 229 230 
2793	227 229 
2794	227 228 229 
2795	227 230 
2796	227 229 230 
2797	227 228 229 230 
2798	228 230 
2799	225 228 230 
2800	227 228 230 
2801	228 229 230 
2802	229 230 
2803	225 227 228 230 
2804	53 231 232 233 239 
2805	48 49 50 51 52 53 54 55 56 57 98 99 100 101 102 118 119 120 121 122 123 124 125 126 127 231 232 233 234 
2806	53 54 55 56 57 98 99 100 101 102 118 119 120 121 122 123 124 125 126 127 231 239 
2807	54 55 56 231 233 
2808	54 55 56 231 233 234 
2809	54 231 239 
2810	48 49 53 54 55 56 57 98 99 100 101 102 118 119 120 121 122 123 124 125 126 127 231 232 233 234 
2811	48 49 50 51 52 53 54 55 56 57 98 99 100 101 102 231 232 233 234 239 
2812	53 54 55 56 57 98 99 100 101 102 118 119 120 121 122 123 124 125 126 127 231 232 239 
2813	53 55 232 
2814	54 55 56 57 98 99 100 101 232 233 234 
2815	48 49 55 232 234 
2816	48 49 50 55 232 234 
2817	55 56 232 234 
2818	55 232 239 
2819	55 56 57 232 239 
2820	55 56 57 98 232 
2821	55 56 57 98 99 232 
2822	53 55 56 57 98 232 239 
2823	54 56 233 
2824	54 56 57 231 233 
2825	56 57 98 99 233 
2826	48 49 50 56 234 
2827	48 56 57 234 
2828	56 57 98 234 
2829	235 239 
2830	53 235 239 
2831	53 231 235 239 
2832	53 54 231 235 239 
2833	235 236 239 
2834	53 235 236 239 
2835	53 54 235 236 239 
2836	53 54 55 235 236 239 
2837	54 235 236 239 
2838	54 55 56 57 235 236 239 
2839	48 49 50 53 54 55 56 57 98 99 100 101 102 118 119 120 121 122 123 124 231 232 233 234 235 236 239 
2840	235 236 237 239 
2841	53 235 236 237 239 
2842	53 54 235 236 237 239 
2843	53 231 235 236 237 239 
2844	54 235 236 237 239 
2845	48 49 50 53 54 55 56 231 232 233 234 235 236 237 239 
2846	55 235 236 237 239 
2847	54 55 56 57 234 235 236 237 239 
2848	48 53 54 55 56 57 98 99 100 101 102 118 119 120 121 231 232 233 234 235 236 237 239 
2849	48 49 53 54 55 56 57 98 99 100 101 102 118 119 120 121 123 124 125 126 127 128 231 232 233 234 235 236 237 239 
2850	53 231 232 233 235 236 237 239 
2851	235 236 237 238 239 
2852	53 235 236 237 238 239 
2853	53 231 235 236 237 238 239 
2854	236 239 
2855	53 236 239 
2856	54 236 239 
2857	55 56 57 98 99 100 101 102 118 119 120 121 122 123 124 125 126 127 236 239 
2858	53 54 231 235 236 237 238 239 
2859	236 237 239 
2860	54 55 56 57 98 99 100 101 102 236 237 239 
2861	236 237 238 239 
2862	53 236 237 238 239 
2863	237 239 
2864	235 237 239 
2865	53 54 235 236 237 238 239 
2866	53 54 55 235 236 237 238 239 
2867	54 235 236 237 238 239 
2868	237 238 239 
2869	235 237 238 239 
2870	48 49 50 53 54 55 56 57 98 99 100 101 102 118 119 120 121 122 123 124 231 232 233 234 235 236 237 238 239 
2871	53 54 55 56 57 98 99 100 239 
2872	48 49 50 51 52 53 54 55 56 57 98 99 100 101 102 118 119 120 121 231 232 233 234 239 
2873	53 55 239 
2874	53 55 56 57 239 
2875	53 54 55 56 57 98 99 100 101 102 118 119 120 121 123 124 125 126 127 231 239 
2876	53 54 55 56 57 98 99 100 101 102 118 119 120 121 123 124 125 126 127 235 236 239 
2877	53 54 55 56 57 231 232 233 234 235 236 237 239 
2878	53 54 55 56 57 231 232 234 235 236 237 239 
2879	48 49 50 53 54 55 56 57 98 99 100 101 102 118 119 120 121 231 232 233 234 235 236 237 239 
2880	53 54 55 56 57 98 99 100 101 236 239 
2881	48 49 50 51 53 54 55 56 231 232 233 234 235 236 237 238 239 
2882	55 56 57 98 99 100 239 
2883	55 56 57 98 99 100 101 239 
2884	55 56 57 98 233 239 
2885	53 54 55 56 57 231 235 236 237 238 239 
2886	73 75 76 77 242 247 
2887	72 75 76 77 242 
2888	72 75 76 77 78 242 
2889	72 73 75 76 77 78 242 
2890	73 75 76 77 242 
2891	75 76 77 78 80 242 243 244 245 
2892	67 68 72 73 74 75 76 77 140 141 146 147 149 150 151 242 246 247 
2893	67 68 72 73 74 75 76 77 78 146 147 148 240 241 242 243 244 246 247 
2894	69 70 71 72 73 74 75 76 77 78 79 80 146 147 148 240 241 242 243 244 245 246 247 
2895	76 77 78 242 243 
2896	76 77 78 242 243 244 245 
2897	76 77 78 240 241 242 243 
2898	76 77 78 241 242 243 
2899	72 73 77 78 80 81 243 244 245 
2900	78 81 243 244 245 
2901	70 71 72 76 77 78 79 80 81 146 147 149 150 151 243 244 245 
2902	71 78 79 80 81 94 95 96 97 243 244 245 
2903	71 75 76 77 78 79 80 81 94 95 96 97 243 244 245 
2904	79 80 81 94 245 
2905	80 81 94 95 96 243 244 245 
2906	71 79 80 81 94 95 96 97 245 
2907	59 60 61 62 63 79 80 81 94 95 96 97 245 248 249 250 
2908	69 70 71 79 80 81 94 95 96 245 
2909	69 70 71 79 80 81 94 95 96 97 245 
2910	80 81 94 244 245 
2911	79 80 81 94 244 245 
2912	70 71 79 80 81 94 95 96 97 244 245 
2913	81 94 243 244 245 
2914	81 94 95 243 244 245 
2915	81 94 95 96 243 244 245 
2916	62 63 81 94 95 96 97 243 244 245 248 249 250 
2917	79 80 81 94 95 96 245 
2918	59 60 61 62 63 71 79 80 81 94 95 96 97 243 244 245 248 249 250 
2919	68 72 146 246 247 
2920	68 72 74 146 246 247 
2921	67 68 73 246 
2922	67 68 73 246 247 
2923	68 72 73 246 
2924	67 68 72 73 74 246 
2925	68 72 73 74 246 
2926	68 73 140 141 146 147 149 150 151 246 247 
2927	73 146 246 247 
2928	68 72 73 74 140 141 146 147 149 150 246 
2929	68 72 73 74 77 140 141 146 147 148 149 150 151 246 247 
2930	72 73 74 247 
2931	67 72 73 74 140 146 247 
2932	68 72 73 74 140 141 146 147 149 150 151 246 247 
2933	73 76 77 240 241 242 247 
2934	73 74 146 247 
2935	67 73 74 146 247 
2936	67 68 73 74 146 246 247 
2937	171 172 173 189 262 
2938	58 59 60 61 62 63 94 95 96 97 171 172 173 174 175 176 189 190 191 192 193 194 195 248 249 250 258 259 260 261 262 
2939	58 59 60 61 62 63 171 172 173 174 175 176 189 190 191 192 193 195 249 250 258 259 260 261 262 
2940	18 19 30 32 42 
2941	19 32 33 34 35 41 
2942	19 32 33 34 35 40 41 
2943	19 30 32 33 34 35 41 
2944	20 32 33 34 35 41 
2945	20 32 33 34 35 40 41 
2946	20 33 34 35 41 
2947	20 33 34 35 38 39 40 41 
2948	20 33 34 35 39 40 41 
2949	20 31 33 34 35 41 
2950	21 33 34 35 41 
2951	21 33 34 35 38 39 40 41 
2952	19 20 21 33 34 35 41 
2953	48 56 57 98 234 
2954	53 55 231 232 
2955	54 56 231 233 
2956	57 98 99 100 101 102 118 
2957	57 98 99 100 101 102 118 119 120 121 123 124 125 126 127 
2958	55 56 57 98 99 100 101 102 118 
2959	48 56 57 98 99 100 234 
2960	67 68 72 73 74 75 76 77 78 140 141 146 147 148 149 150 151 246 247 
2961	67 68 72 73 74 76 77 78 140 141 146 147 149 150 151 240 241 242 246 247 
2962	70 71 79 80 245 
2963	72 76 77 78 243 
2964	72 77 78 243 
2965	72 77 78 243 244 
2966	72 76 77 78 242 243 
2967	72 73 77 78 243 
2968	72 73 77 78 243 244 
2969	69 70 71 72 73 76 77 78 79 80 81 140 141 146 147 243 244 245 
2970	67 72 73 74 76 77 146 
2971	67 72 73 74 75 76 77 78 146 
2972	67 72 73 74 146 247 
2973	58 59 60 61 62 63 80 81 94 95 96 97 171 172 173 174 175 176 183 184 185 186 187 189 190 191 192 193 194 195 248 249 250 257 258 259 260 261 262 
2974	58 59 60 61 62 63 80 81 94 95 96 97 176 245 248 249 250 
2975	81 94 95 96 97 243 244 245 248 
2976	85 86 87 88 89 90 91 
2977	89 91 92 93 129 
2978	89 91 92 93 129 130 
2979	90 91 92 93 129 
2980	92 93 129 130 131 136 
2981	90 91 92 93 129 130 131 136 137 138 145 
2982	92 93 129 130 131 132 136 137 138 145 
2983	102 118 119 120 121 123 
2984	140 146 147 149 
2985	157 159 160 161 165 188 
2986	156 157 159 160 161 165 166 188 
