4.0	0.007674289595320316	0.007674289595320316	0.007674289595320316	0.007674289595320316
4.1	0.007674289595320316	0.007674289595320316	0.007674289595320316	0.007674289595320316
4.2	0.007674289595320317	0.007674289595320317	0.007674289595320317	0.007674289595320317
4.3	0.007674289595320316	0.007674289595320316	0.007674289595320316	0.007674289595320316
4.4	0.007674289595320316	0.007674289595320316	0.007674289595320316	0.007674289595320316
4.5	0.007674289595320316	0.007674289595320316	0.007674289595320316	0.007674289595320316
4.6	0.007674289595320317	0.007674289595320317	0.007674289595320317	0.007674289595320317
4.7	0.007674289595320316	0.007674289595320316	0.007674289595320316	0.007674289595320316
4.8	0.007674289595320316	0.007674289595320316	0.007674289595320316	0.007674289595320316
4.9	0.007674289595320316	0.007674289595320316	0.007674289595320316	0.007674289595320316
5.0	0.007674289595320317	0.007674289595320317	0.007674289595320317	0.007674289595320317
5.1	0.007674289595320316	0.007674289595320316	0.007674289595320316	0.007674289595320316
5.2	0.007674289595320316	0.007674289595320316	0.007674289595320316	0.007674289595320316
5.3	0.007674289595320316	0.007674289595320316	0.007674289595320316	0.007674289595320316
5.4	0.007674289595320317	0.007674289595320317	0.007674289595320317	0.007674289595320317
5.5	0.007674289595320316	0.007674289595320316	0.007674289595320316	0.007674289595320316
5.6	0.005176411046032815	0.005176411046032815	0.005176411046032815	0.005176411046032815
5.7	0.00403826278404627	0.00403826278404627	0.00403826278404627	0.00403826278404627
5.8	0.0028529486269735687	0.0028529486269735687	0.0028529486269735687	0.0028529486269735687
5.9	0.002258951951442794	0.002258951951442794	0.002258951951442794	0.002258951951442794
6.0	0.0018484468291192647	0.0018484468291192647	0.0018484468291192647	0.0018484468291192647
6.1	0.0018484468291192647	0.0018484468291192647	0.0018484468291192647	0.0018484468291192647
6.2	0.0016627790904376854	0.0016627790904376854	0.0016627790904376854	0.0016627790904376854
6.300000000000001	0.0010825365722491945	0.0010825365722491945	0.0010825365722491945	0.0010825365722491945
6.4	0.0010825365722491945	0.0010825365722491945	0.0010825365722491945	0.0010825365722491945
6.5	0.0008439535573623145	0.0008439535573623145	0.0008439535573623145	0.0008439535573623145
6.6	0.0008439535573623145	0.0008439535573623145	0.0008439535573623145	0.0008439535573623145
6.7	0.0005881468542514064	0.0005881468542514064	0.0005881468542514064	0.0005881468542514064
6.800000000000001	0.000409281057441219	0.000409281057441219	0.000409281057441219	0.000409281057441219
6.9	0.000409281057441219	0.000409281057441219	0.000409281057441219	0.000409281057441219
7.0	0.000409281057441219	0.000409281057441219	0.000409281057441219	0.000409281057441219
7.1	0.00023005367792569426	0.00023005367792569426	0.00023005367792569426	0.00023005367792569426
7.2	0.00015584628420679055	0.00015584628420679055	0.00015584628420679055	0.00015584628420679055
7.300000000000001	0.00011407418252535984	0.00011407418252535984	0.00011407418252535984	0.00011407418252535984
7.4	5.2194223274404074e-05	5.2194223274404074e-05	5.2194223274404074e-05	5.2194223274404074e-05
7.5	2.8182196335908827e-05	2.8182196335908827e-05	2.8182196335908827e-05	2.8182196335908827e-05
7.6	0.0	0.0	0.0	0.0
7.7	0.0	0.0	0.0	0.0
7.800000000000001	0.0	0.0	0.0	0.0
7.9	0.0	0.0	0.0	0.0
8.0	0.0	0.0	0.0	0.0
8.100000000000001	0.0	0.0	0.0	0.0
8.2	0.0	0.0	0.0	0.0
8.3	0.0	0.0	0.0	0.0
8.4	0.0	0.0	0.0	0.0
8.5	0.0	0.0	0.0	0.0
8.600000000000001	0.0	0.0	0.0	0.0
8.7	0.0	0.0	0.0	0.0
8.8	0.0	0.0	0.0	0.0
8.9	0.0	0.0	0.0	0.0
9.0	0.0	0.0	0.0	0.0
9.100000000000001	0.0	0.0	0.0	0.0
9.2	0.0	0.0	0.0	0.0
9.3	0.0	0.0	0.0	0.0
9.4	0.0	0.0	0.0	0.0
9.5	0.0	0.0	0.0	0.0
9.600000000000001	0.0	0.0	0.0	0.0
9.7	0.0	0.0	0.0	0.0
9.8	0.0	0.0	0.0	0.0
9.9	0.0	0.0	0.0	0.0
