4.0	0.004274971003125569	0.004274971003125569	0.004274971003125569	0.004274971003125569
4.1	0.004274971003125568	0.004274971003125568	0.004274971003125568	0.004274971003125568
4.2	0.004274971003125569	0.004274971003125569	0.004274971003125569	0.004274971003125569
4.3	0.004274971003125568	0.004274971003125568	0.004274971003125568	0.004274971003125568
4.4	0.004274971003125569	0.004274971003125569	0.004274971003125569	0.004274971003125569
4.5	0.004274971003125568	0.004274971003125568	0.004274971003125568	0.004274971003125568
4.6	0.004274971003125569	0.004274971003125569	0.004274971003125569	0.004274971003125569
4.7	0.004274971003125568	0.004274971003125568	0.004274971003125568	0.004274971003125568
4.8	0.004274971003125569	0.004274971003125569	0.004274971003125569	0.004274971003125569
4.9	0.004274971003125568	0.004274971003125568	0.004274971003125568	0.004274971003125568
5.0	0.004274971003125569	0.004274971003125569	0.004274971003125569	0.004274971003125569
5.1	0.004274971003125568	0.004274971003125568	0.004274971003125568	0.004274971003125568
5.2	0.004274971003125569	0.004274971003125569	0.004274971003125569	0.004274971003125569
5.3	0.004274971003125568	0.004274971003125568	0.004274971003125568	0.004274971003125568
5.4	0.004274971003125569	0.004274971003125569	0.004274971003125569	0.004274971003125569
5.5	0.004274971003125568	0.004274971003125568	0.004274971003125568	0.004274971003125568
5.6	0.003747130122989544	0.003747130122989544	0.003747130122989544	0.003747130122989544
5.7	0.0034568664625384275	0.0034568664625384275	0.0034568664625384275	0.0034568664625384275
5.8	0.0029379530334547543	0.0029379530334547543	0.0029379530334547543	0.0029379530334547543
5.9	0.002645562720084462	0.002645562720084462	0.002645562720084462	0.002645562720084462
6.0	0.0025129750856034863	0.0025129750856034863	0.0025129750856034863	0.0025129750856034863
6.1	0.001963251870233519	0.001963251870233519	0.001963251870233519	0.001963251870233519
6.2	0.0017257781399076357	0.0017257781399076357	0.0017257781399076357	0.0017257781399076357
6.300000000000001	0.0015142560057211857	0.0015142560057211857	0.0015142560057211857	0.0015142560057211857
6.4	0.0014610723893329722	0.0014610723893329722	0.0014610723893329722	0.0014610723893329722
6.5	0.0012821006591598968	0.0012821006591598968	0.0012821006591598968	0.0012821006591598968
6.6	0.0011634558240724818	0.0011634558240724818	0.0011634558240724818	0.0011634558240724818
6.7	0.0008976231681313471	0.0008976231681313471	0.0008976231681313471	0.0008976231681313471
6.800000000000001	0.0008401535863340455	0.0008401535863340455	0.0008401535863340455	0.0008401535863340455
6.9	0.0006957451754168593	0.0006957451754168593	0.0006957451754168593	0.0006957451754168593
7.0	0.0006259669874610787	0.0006259669874610787	0.0006259669874610787	0.0006259669874610787
7.1	0.0005696246632952334	0.0005696246632952334	0.0005696246632952334	0.0005696246632952334
7.2	0.0004869477282878527	0.0004869477282878527	0.0004869477282878527	0.0004869477282878527
7.300000000000001	0.00041229822897497306	0.00041229822897497306	0.00041229822897497306	0.00041229822897497306
7.4	0.0003043610145162038	0.0003043610145162038	0.0003043610145162038	0.0003043610145162038
7.5	0.0002183185945189819	0.0002183185945189819	0.0002183185945189819	0.0002183185945189819
7.6	8.541250145596509e-05	8.541250145596509e-05	8.541250145596509e-05	8.541250145596509e-05
7.7	4.080630983582256e-05	4.080630983582256e-05	4.080630983582256e-05	4.080630983582256e-05
7.800000000000001	1.2934721236867701e-05	1.2934721236867701e-05	1.2934721236867701e-05	1.2934721236867701e-05
7.9	4.52465357000899e-06	4.52465357000899e-06	4.52465357000899e-06	4.52465357000899e-06
8.0	0.0	0.0	0.0	0.0
8.100000000000001	0.0	0.0	0.0	0.0
8.2	0.0	0.0	0.0	0.0
8.3	0.0	0.0	0.0	0.0
8.4	0.0	0.0	0.0	0.0
8.5	0.0	0.0	0.0	0.0
8.600000000000001	0.0	0.0	0.0	0.0
8.7	0.0	0.0	0.0	0.0
8.8	0.0	0.0	0.0	0.0
8.9	0.0	0.0	0.0	0.0
9.0	0.0	0.0	0.0	0.0
9.100000000000001	0.0	0.0	0.0	0.0
9.2	0.0	0.0	0.0	0.0
9.3	0.0	0.0	0.0	0.0
9.4	0.0	0.0	0.0	0.0
9.5	0.0	0.0	0.0	0.0
9.600000000000001	0.0	0.0	0.0	0.0
9.7	0.0	0.0	0.0	0.0
9.8	0.0	0.0	0.0	0.0
9.9	0.0	0.0	0.0	0.0
