4.0	0.0014186671906320997	0.0014186671906320997	0.0014186671906320997	0.0014186671906320997
4.1	0.0014186671906321	0.0014186671906321	0.0014186671906321	0.0014186671906321
4.2	0.0014186671906320997	0.0014186671906320997	0.0014186671906320997	0.0014186671906320997
4.3	0.0014186671906320997	0.0014186671906320997	0.0014186671906320997	0.0014186671906320997
4.4	0.0014186671906320997	0.0014186671906320997	0.0014186671906320997	0.0014186671906320997
4.5	0.0014186671906321	0.0014186671906321	0.0014186671906321	0.0014186671906321
4.6	0.0014186671906320997	0.0014186671906320997	0.0014186671906320997	0.0014186671906320997
4.7	0.0014186671906320997	0.0014186671906320997	0.0014186671906320997	0.0014186671906320997
4.8	0.0014186671906320997	0.0014186671906320997	0.0014186671906320997	0.0014186671906320997
4.9	0.0014186671906321	0.0014186671906321	0.0014186671906321	0.0014186671906321
5.0	0.0014186671906320997	0.0014186671906320997	0.0014186671906320997	0.0014186671906320997
5.1	0.0014186671906320997	0.0014186671906320997	0.0014186671906320997	0.0014186671906320997
5.2	0.0014186671906320997	0.0014186671906320997	0.0014186671906320997	0.0014186671906320997
5.3	0.0014186671906321	0.0014186671906321	0.0014186671906321	0.0014186671906321
5.4	0.0014186671906320997	0.0014186671906320997	0.0014186671906320997	0.0014186671906320997
5.5	0.0014186671906320997	0.0014186671906320997	0.0014186671906320997	0.0014186671906320997
5.6	0.0008027689168994634	0.0008027689168994634	0.0008027689168994634	0.0008027689168994634
5.7	0.0007127695083516229	0.0007127695083516229	0.0007127695083516229	0.0007127695083516229
5.8	0.0007127695083516229	0.0007127695083516229	0.0007127695083516229	0.0007127695083516229
5.9	0.0006639839246793747	0.0006639839246793747	0.0006639839246793747	0.0006639839246793747
6.0	0.0006639839246793747	0.0006639839246793747	0.0006639839246793747	0.0006639839246793747
6.1	0.0006516577126463	0.0006516577126463	0.0006516577126463	0.0006516577126463
6.2	0.0006194673016895482	0.0006194673016895482	0.0006194673016895482	0.0006194673016895482
6.300000000000001	0.0006099105967041439	0.0006099105967041439	0.0006099105967041439	0.0006099105967041439
6.4	0.0005977262725529151	0.0005977262725529151	0.0005977262725529151	0.0005977262725529151
6.5	0.0005970977355815657	0.0005970977355815657	0.0005970977355815657	0.0005970977355815657
6.6	0.0005722860761354921	0.0005722860761354921	0.0005722860761354921	0.0005722860761354921
6.7	0.0005158176099926853	0.0005158176099926853	0.0005158176099926853	0.0005158176099926853
6.800000000000001	0.0004956822379031511	0.0004956822379031511	0.0004956822379031511	0.0004956822379031511
6.9	0.0004906059439188832	0.0004906059439188832	0.0004906059439188832	0.0004906059439188832
7.0	0.00047566013590323965	0.00047566013590323965	0.00047566013590323965	0.00047566013590323965
7.1	0.0004277921331373825	0.0004277921331373825	0.0004277921331373825	0.0004277921331373825
7.2	0.0003834446723393219	0.0003834446723393219	0.0003834446723393219	0.0003834446723393219
7.300000000000001	0.0003348246903090595	0.0003348246903090595	0.0003348246903090595	0.0003348246903090595
7.4	0.0003101488304463066	0.0003101488304463066	0.0003101488304463066	0.0003101488304463066
7.5	0.0002485217696071998	0.0002485217696071998	0.0002485217696071998	0.0002485217696071998
7.6	0.00018772387265303647	0.00018772387265303647	0.00018772387265303647	0.00018772387265303647
7.7	0.00010491038164021289	0.00010491038164021289	0.00010491038164021289	0.00010491038164021289
7.800000000000001	1.9337453068662118e-05	1.9337453068662118e-05	1.9337453068662118e-05	1.9337453068662118e-05
7.9	7.893854743094683e-06	7.893854743094683e-06	7.893854743094683e-06	7.893854743094683e-06
8.0	0.0	0.0	0.0	0.0
8.100000000000001	0.0	0.0	0.0	0.0
8.2	0.0	0.0	0.0	0.0
8.3	0.0	0.0	0.0	0.0
8.4	0.0	0.0	0.0	0.0
8.5	0.0	0.0	0.0	0.0
8.600000000000001	0.0	0.0	0.0	0.0
8.7	0.0	0.0	0.0	0.0
8.8	0.0	0.0	0.0	0.0
8.9	0.0	0.0	0.0	0.0
9.0	0.0	0.0	0.0	0.0
9.100000000000001	0.0	0.0	0.0	0.0
9.2	0.0	0.0	0.0	0.0
9.3	0.0	0.0	0.0	0.0
9.4	0.0	0.0	0.0	0.0
9.5	0.0	0.0	0.0	0.0
9.600000000000001	0.0	0.0	0.0	0.0
9.7	0.0	0.0	0.0	0.0
9.8	0.0	0.0	0.0	0.0
9.9	0.0	0.0	0.0	0.0
