4.0	0.0009121788769845527	0.0009121788769845527	0.0009121788769845527	0.0009121788769845527
4.1	0.0009121788769845527	0.0009121788769845527	0.0009121788769845527	0.0009121788769845527
4.2	0.0009121788769845527	0.0009121788769845527	0.0009121788769845527	0.0009121788769845527
4.3	0.0009121788769845526	0.0009121788769845526	0.0009121788769845526	0.0009121788769845526
4.4	0.0009121788769845527	0.0009121788769845527	0.0009121788769845527	0.0009121788769845527
4.5	0.0009121788769845527	0.0009121788769845527	0.0009121788769845527	0.0009121788769845527
4.6	0.0009121788769845527	0.0009121788769845527	0.0009121788769845527	0.0009121788769845527
4.7	0.0009121788769845526	0.0009121788769845526	0.0009121788769845526	0.0009121788769845526
4.8	0.0009121788769845527	0.0009121788769845527	0.0009121788769845527	0.0009121788769845527
4.9	0.0009121788769845527	0.0009121788769845527	0.0009121788769845527	0.0009121788769845527
5.0	0.0009121788769845527	0.0009121788769845527	0.0009121788769845527	0.0009121788769845527
5.1	0.0009121788769845526	0.0009121788769845526	0.0009121788769845526	0.0009121788769845526
5.2	0.0009121788769845527	0.0009121788769845527	0.0009121788769845527	0.0009121788769845527
5.3	0.0009121788769845527	0.0009121788769845527	0.0009121788769845527	0.0009121788769845527
5.4	0.0009121788769845527	0.0009121788769845527	0.0009121788769845527	0.0009121788769845527
5.5	0.0009121788769845526	0.0009121788769845526	0.0009121788769845526	0.0009121788769845526
5.6	0.0009121788769845527	0.0009121788769845527	0.0009121788769845527	0.0009121788769845527
5.7	0.0009121788769845527	0.0009121788769845527	0.0009121788769845527	0.0009121788769845527
5.8	0.0009121788769845527	0.0009121788769845527	0.0009121788769845527	0.0009121788769845527
5.9	0.0008318015630529144	0.0008318015630529144	0.0008318015630529144	0.0008318015630529144
6.0	0.0007824858199026278	0.0007824858199026278	0.0007824858199026278	0.0007824858199026278
6.1	0.0005354101070591265	0.0005354101070591265	0.0005354101070591265	0.0005354101070591265
6.2	0.0005354101070591265	0.0005354101070591265	0.0005354101070591265	0.0005354101070591265
6.300000000000001	0.0004990683438912341	0.0004990683438912341	0.0004990683438912341	0.0004990683438912341
6.4	0.0003971092405800423	0.0003971092405800423	0.0003971092405800423	0.0003971092405800423
6.5	0.00035669086417920503	0.00035669086417920503	0.00035669086417920503	0.00035669086417920503
6.6	0.00027296836360197135	0.00027296836360197135	0.00027296836360197135	0.00027296836360197135
6.7	0.000251960923632743	0.000251960923632743	0.000251960923632743	0.000251960923632743
6.800000000000001	0.00021956092925481428	0.00021956092925481428	0.00021956092925481428	0.00021956092925481428
6.9	0.00021956092925481428	0.00021956092925481428	0.00021956092925481428	0.00021956092925481428
7.0	0.00021956092925481428	0.00021956092925481428	0.00021956092925481428	0.00021956092925481428
7.1	0.00021956092925481428	0.00021956092925481428	0.00021956092925481428	0.00021956092925481428
7.2	0.00021956092925481428	0.00021956092925481428	0.00021956092925481428	0.00021956092925481428
7.300000000000001	0.0002194254105095202	0.0002194254105095202	0.0002194254105095202	0.0002194254105095202
7.4	0.00018238095649981352	0.00018238095649981352	0.00018238095649981352	0.00018238095649981352
7.5	0.00016187112252786886	0.00016187112252786886	0.00016187112252786886	0.00016187112252786886
7.6	0.000153812921742971	0.000153812921742971	0.000153812921742971	0.000153812921742971
7.7	0.00012805074644068644	0.00012805074644068644	0.00012805074644068644	0.00012805074644068644
7.800000000000001	0.00012081573814628491	0.00012081573814628491	0.00012081573814628491	0.00012081573814628491
7.9	6.949849204047399e-05	6.949849204047399e-05	6.949849204047399e-05	6.949849204047399e-05
8.0	5.146597536470206e-05	5.146597536470206e-05	5.146597536470206e-05	5.146597536470206e-05
8.100000000000001	3.615915807449479e-05	3.615915807449479e-05	3.615915807449479e-05	3.615915807449479e-05
8.2	1.5277411598273523e-06	1.5277411598273523e-06	1.5277411598273523e-06	1.5277411598273523e-06
8.3	5.926561410173579e-07	5.926561410173579e-07	5.926561410173579e-07	5.926561410173579e-07
8.4	0.0	0.0	0.0	0.0
8.5	0.0	0.0	0.0	0.0
8.600000000000001	0.0	0.0	0.0	0.0
8.7	0.0	0.0	0.0	0.0
8.8	0.0	0.0	0.0	0.0
8.9	0.0	0.0	0.0	0.0
9.0	0.0	0.0	0.0	0.0
9.100000000000001	0.0	0.0	0.0	0.0
9.2	0.0	0.0	0.0	0.0
9.3	0.0	0.0	0.0	0.0
9.4	0.0	0.0	0.0	0.0
9.5	0.0	0.0	0.0	0.0
9.600000000000001	0.0	0.0	0.0	0.0
9.7	0.0	0.0	0.0	0.0
9.8	0.0	0.0	0.0	0.0
9.9	0.0	0.0	0.0	0.0
