4.0	0.0022685583482881513	0.0022685583482881513	0.0022685583482881513	0.0022685583482881513
4.1	0.0022685583482881513	0.0022685583482881513	0.0022685583482881513	0.0022685583482881513
4.2	0.0022685583482881513	0.0022685583482881513	0.0022685583482881513	0.0022685583482881513
4.3	0.0022685583482881513	0.0022685583482881513	0.0022685583482881513	0.0022685583482881513
4.4	0.0022685583482881513	0.0022685583482881513	0.0022685583482881513	0.0022685583482881513
4.5	0.0022685583482881513	0.0022685583482881513	0.0022685583482881513	0.0022685583482881513
4.6	0.0022685583482881513	0.0022685583482881513	0.0022685583482881513	0.0022685583482881513
4.7	0.0022685583482881513	0.0022685583482881513	0.0022685583482881513	0.0022685583482881513
4.8	0.0022685583482881513	0.0022685583482881513	0.0022685583482881513	0.0022685583482881513
4.9	0.0022685583482881513	0.0022685583482881513	0.0022685583482881513	0.0022685583482881513
5.0	0.0022685583482881513	0.0022685583482881513	0.0022685583482881513	0.0022685583482881513
5.1	0.0022685583482881513	0.0022685583482881513	0.0022685583482881513	0.0022685583482881513
5.2	0.0022685583482881513	0.0022685583482881513	0.0022685583482881513	0.0022685583482881513
5.3	0.0022685583482881513	0.0022685583482881513	0.0022685583482881513	0.0022685583482881513
5.4	0.0022685583482881513	0.0022685583482881513	0.0022685583482881513	0.0022685583482881513
5.5	0.0022685583482881513	0.0022685583482881513	0.0022685583482881513	0.0022685583482881513
5.6	0.0022685583482881513	0.0022685583482881513	0.0022685583482881513	0.0022685583482881513
5.7	0.0018708823468445886	0.0018708823468445886	0.0018708823468445886	0.0018708823468445886
5.8	0.0018708823468445888	0.0018708823468445888	0.0018708823468445888	0.0018708823468445888
5.9	0.0014456873920852182	0.0014456873920852182	0.0014456873920852182	0.0014456873920852182
6.0	0.0013375101351702837	0.0013375101351702837	0.0013375101351702837	0.0013375101351702837
6.1	0.001094440343477272	0.001094440343477272	0.001094440343477272	0.001094440343477272
6.2	0.0010284369659221272	0.0010284369659221272	0.0010284369659221272	0.0010284369659221272
6.300000000000001	0.0010284369659221272	0.0010284369659221272	0.0010284369659221272	0.0010284369659221272
6.4	0.0009398296885821639	0.0009398296885821639	0.0009398296885821639	0.0009398296885821639
6.5	0.0008553544353246066	0.0008553544353246066	0.0008553544353246066	0.0008553544353246066
6.6	0.0007152900924576215	0.0007152900924576215	0.0007152900924576215	0.0007152900924576215
6.7	0.0005431540035333648	0.0005431540035333648	0.0005431540035333648	0.0005431540035333648
6.800000000000001	0.0004497283413147907	0.0004497283413147907	0.0004497283413147907	0.0004497283413147907
6.9	0.0004017389542299739	0.0004017389542299739	0.0004017389542299739	0.0004017389542299739
7.0	0.00033971689296690913	0.00033971689296690913	0.00033971689296690913	0.00033971689296690913
7.1	0.0002732055847068153	0.0002732055847068153	0.0002732055847068153	0.0002732055847068153
7.2	0.00024800533876092945	0.00024800533876092945	0.00024800533876092945	0.00024800533876092945
7.300000000000001	0.00018532193912422574	0.00018532193912422574	0.00018532193912422574	0.00018532193912422574
7.4	0.00016156088661524123	0.00016156088661524123	0.00016156088661524123	0.00016156088661524123
7.5	0.00010460931391523983	0.00010460931391523983	0.00010460931391523983	0.00010460931391523983
7.6	8.106250463206933e-05	8.106250463206933e-05	8.106250463206933e-05	8.106250463206933e-05
7.7	7.047484644594008e-05	7.047484644594008e-05	7.047484644594008e-05	7.047484644594008e-05
7.800000000000001	5.1291794407127524e-05	5.1291794407127524e-05	5.1291794407127524e-05	5.1291794407127524e-05
7.9	3.9539457293814424e-05	3.9539457293814424e-05	3.9539457293814424e-05	3.9539457293814424e-05
8.0	2.1636543031975717e-05	2.1636543031975717e-05	2.1636543031975717e-05	2.1636543031975717e-05
8.100000000000001	0.0	0.0	0.0	0.0
8.2	0.0	0.0	0.0	0.0
8.3	0.0	0.0	0.0	0.0
8.4	0.0	0.0	0.0	0.0
8.5	0.0	0.0	0.0	0.0
8.600000000000001	0.0	0.0	0.0	0.0
8.7	0.0	0.0	0.0	0.0
8.8	0.0	0.0	0.0	0.0
8.9	0.0	0.0	0.0	0.0
9.0	0.0	0.0	0.0	0.0
9.100000000000001	0.0	0.0	0.0	0.0
9.2	0.0	0.0	0.0	0.0
9.3	0.0	0.0	0.0	0.0
9.4	0.0	0.0	0.0	0.0
9.5	0.0	0.0	0.0	0.0
9.600000000000001	0.0	0.0	0.0	0.0
9.7	0.0	0.0	0.0	0.0
9.8	0.0	0.0	0.0	0.0
9.9	0.0	0.0	0.0	0.0
