4.0	0.0024464498458257565	0.0024464498458257565	0.0024464498458257565	0.0024464498458257565
4.1	0.0024464498458257565	0.0024464498458257565	0.0024464498458257565	0.0024464498458257565
4.2	0.0024464498458257565	0.0024464498458257565	0.0024464498458257565	0.0024464498458257565
4.3	0.0024464498458257565	0.0024464498458257565	0.0024464498458257565	0.0024464498458257565
4.4	0.0024464498458257565	0.0024464498458257565	0.0024464498458257565	0.0024464498458257565
4.5	0.0024464498458257565	0.0024464498458257565	0.0024464498458257565	0.0024464498458257565
4.6	0.0024464498458257565	0.0024464498458257565	0.0024464498458257565	0.0024464498458257565
4.7	0.0024464498458257565	0.0024464498458257565	0.0024464498458257565	0.0024464498458257565
4.8	0.0024464498458257565	0.0024464498458257565	0.0024464498458257565	0.0024464498458257565
4.9	0.0024464498458257565	0.0024464498458257565	0.0024464498458257565	0.0024464498458257565
5.0	0.0024464498458257565	0.0024464498458257565	0.0024464498458257565	0.0024464498458257565
5.1	0.0024464498458257565	0.0024464498458257565	0.0024464498458257565	0.0024464498458257565
5.2	0.0024464498458257565	0.0024464498458257565	0.0024464498458257565	0.0024464498458257565
5.3	0.0024464498458257565	0.0024464498458257565	0.0024464498458257565	0.0024464498458257565
5.4	0.0024464498458257565	0.0024464498458257565	0.0024464498458257565	0.0024464498458257565
5.5	0.0024464498458257565	0.0024464498458257565	0.0024464498458257565	0.0024464498458257565
5.6	0.0024464498458257565	0.0024464498458257565	0.0024464498458257565	0.0024464498458257565
5.7	0.0024464498458257565	0.0024464498458257565	0.0024464498458257565	0.0024464498458257565
5.8	0.0017672466599132626	0.0017672466599132626	0.0017672466599132626	0.0017672466599132626
5.9	0.0016579650616843926	0.0016579650616843926	0.0016579650616843926	0.0016579650616843926
6.0	0.0015496534361967484	0.0015496534361967484	0.0015496534361967484	0.0015496534361967484
6.1	0.0015496534361967484	0.0015496534361967484	0.0015496534361967484	0.0015496534361967484
6.2	0.0015108788619483014	0.0015108788619483014	0.0015108788619483014	0.0015108788619483014
6.300000000000001	0.001351667142941529	0.001351667142941529	0.001351667142941529	0.001351667142941529
6.4	0.0012894805138130346	0.0012894805138130346	0.0012894805138130346	0.0012894805138130346
6.5	0.001270219680465782	0.001270219680465782	0.001270219680465782	0.001270219680465782
6.6	0.0011806141396789253	0.0011806141396789253	0.0011806141396789253	0.0011806141396789253
6.7	0.0011585007479272234	0.0011585007479272234	0.0011585007479272234	0.0011585007479272234
6.800000000000001	0.0009138900843482801	0.0009138900843482801	0.0009138900843482801	0.0009138900843482801
6.9	0.0009138900843482801	0.0009138900843482801	0.0009138900843482801	0.0009138900843482801
7.0	0.0008230300226754551	0.0008230300226754551	0.0008230300226754551	0.0008230300226754551
7.1	0.0007385423223000293	0.0007385423223000293	0.0007385423223000293	0.0007385423223000293
7.2	0.0006781475531943384	0.0006781475531943384	0.0006781475531943384	0.0006781475531943384
7.300000000000001	0.0005831931610513522	0.0005831931610513522	0.0005831931610513522	0.0005831931610513522
7.4	0.000493534917415126	0.000493534917415126	0.000493534917415126	0.000493534917415126
7.5	0.00039454735925941576	0.00039454735925941576	0.00039454735925941576	0.00039454735925941576
7.6	0.0003602534089396518	0.0003602534089396518	0.0003602534089396518	0.0003602534089396518
7.7	0.00028388339812326246	0.00028388339812326246	0.00028388339812326246	0.00028388339812326246
7.800000000000001	0.00024378264725136452	0.00024378264725136452	0.00024378264725136452	0.00024378264725136452
7.9	0.00014921592619937513	0.00014921592619937513	0.00014921592619937513	0.00014921592619937513
8.0	9.691116808400825e-05	9.691116808400825e-05	9.691116808400825e-05	9.691116808400825e-05
8.100000000000001	5.030922940131948e-05	5.030922940131948e-05	5.030922940131948e-05	5.030922940131948e-05
8.2	1.8528953609079423e-05	1.8528953609079423e-05	1.8528953609079423e-05	1.8528953609079423e-05
8.3	5.23573714387692e-06	5.23573714387692e-06	5.23573714387692e-06	5.23573714387692e-06
8.4	0.0	0.0	0.0	0.0
8.5	0.0	0.0	0.0	0.0
8.600000000000001	0.0	0.0	0.0	0.0
8.7	0.0	0.0	0.0	0.0
8.8	0.0	0.0	0.0	0.0
8.9	0.0	0.0	0.0	0.0
9.0	0.0	0.0	0.0	0.0
9.100000000000001	0.0	0.0	0.0	0.0
9.2	0.0	0.0	0.0	0.0
9.3	0.0	0.0	0.0	0.0
9.4	0.0	0.0	0.0	0.0
9.5	0.0	0.0	0.0	0.0
9.600000000000001	0.0	0.0	0.0	0.0
9.7	0.0	0.0	0.0	0.0
9.8	0.0	0.0	0.0	0.0
9.9	0.0	0.0	0.0	0.0
