4.0	0.0026340100565855756	0.0026340100565855756	0.0026340100565855756	0.0026340100565855756
4.1	0.0026340100565855756	0.0026340100565855756	0.0026340100565855756	0.0026340100565855756
4.2	0.0026340100565855756	0.0026340100565855756	0.0026340100565855756	0.0026340100565855756
4.3	0.0026340100565855756	0.0026340100565855756	0.0026340100565855756	0.0026340100565855756
4.4	0.0026340100565855756	0.0026340100565855756	0.0026340100565855756	0.0026340100565855756
4.5	0.0026340100565855756	0.0026340100565855756	0.0026340100565855756	0.0026340100565855756
4.6	0.0026340100565855756	0.0026340100565855756	0.0026340100565855756	0.0026340100565855756
4.7	0.0026340100565855756	0.0026340100565855756	0.0026340100565855756	0.0026340100565855756
4.8	0.0026340100565855756	0.0026340100565855756	0.0026340100565855756	0.0026340100565855756
4.9	0.0026340100565855756	0.0026340100565855756	0.0026340100565855756	0.0026340100565855756
5.0	0.0026340100565855756	0.0026340100565855756	0.0026340100565855756	0.0026340100565855756
5.1	0.0026340100565855756	0.0026340100565855756	0.0026340100565855756	0.0026340100565855756
5.2	0.0026340100565855756	0.0026340100565855756	0.0026340100565855756	0.0026340100565855756
5.3	0.0026340100565855756	0.0026340100565855756	0.0026340100565855756	0.0026340100565855756
5.4	0.0026340100565855756	0.0026340100565855756	0.0026340100565855756	0.0026340100565855756
5.5	0.0026340100565855756	0.0026340100565855756	0.0026340100565855756	0.0026340100565855756
5.6	0.0017752274647829032	0.0017752274647829032	0.0017752274647829032	0.0017752274647829032
5.7	0.0015516057579068807	0.0015516057579068807	0.0015516057579068807	0.0015516057579068807
5.8	0.0011657201490001944	0.0011657201490001944	0.0011657201490001944	0.0011657201490001944
5.9	0.0009730889316360958	0.0009730889316360958	0.0009730889316360958	0.0009730889316360958
6.0	0.0008912654566718777	0.0008912654566718777	0.0008912654566718777	0.0008912654566718777
6.1	0.0006876447365782045	0.0006876447365782045	0.0006876447365782045	0.0006876447365782045
6.2	0.000563375400023395	0.000563375400023395	0.000563375400023395	0.000563375400023395
6.300000000000001	0.00038742349413901196	0.00038742349413901196	0.00038742349413901196	0.00038742349413901196
6.4	0.00038742349413901196	0.00038742349413901196	0.00038742349413901196	0.00038742349413901196
6.5	0.00038742349413901196	0.00038742349413901196	0.00038742349413901196	0.00038742349413901196
6.6	0.0003768103784872914	0.0003768103784872914	0.0003768103784872914	0.0003768103784872914
6.7	0.00033869837167010644	0.00033869837167010644	0.00033869837167010644	0.00033869837167010644
6.800000000000001	0.0002647384961381891	0.0002647384961381891	0.0002647384961381891	0.0002647384961381891
6.9	0.00025693541590271983	0.00025693541590271983	0.00025693541590271983	0.00025693541590271983
7.0	0.00024202617953063892	0.00024202617953063892	0.00024202617953063892	0.00024202617953063892
7.1	0.0002156174286862013	0.0002156174286862013	0.0002156174286862013	0.0002156174286862013
7.2	0.0001999047881517279	0.0001999047881517279	0.0001999047881517279	0.0001999047881517279
7.300000000000001	0.0001815118734219769	0.0001815118734219769	0.0001815118734219769	0.0001815118734219769
7.4	0.00016512239656634757	0.00016512239656634757	0.00016512239656634757	0.00016512239656634757
7.5	0.00015062483210558298	0.00015062483210558298	0.00015062483210558298	0.00015062483210558298
7.6	0.00013194804573013464	0.00013194804573013464	0.00013194804573013464	0.00013194804573013464
7.7	0.00010939617311283743	0.00010939617311283743	0.00010939617311283743	0.00010939617311283743
7.800000000000001	0.00010336597488025989	0.00010336597488025989	0.00010336597488025989	0.00010336597488025989
7.9	6.605605089784641e-05	6.605605089784641e-05	6.605605089784641e-05	6.605605089784641e-05
8.0	3.8258883185746696e-05	3.8258883185746696e-05	3.8258883185746696e-05	3.8258883185746696e-05
8.100000000000001	7.144185305821883e-06	7.144185305821883e-06	7.144185305821883e-06	7.144185305821883e-06
8.2	9.551201764569392e-07	9.551201764569392e-07	9.551201764569392e-07	9.551201764569392e-07
8.3	2.994017862694128e-07	2.994017862694128e-07	2.994017862694128e-07	2.994017862694128e-07
8.4	0.0	0.0	0.0	0.0
8.5	0.0	0.0	0.0	0.0
8.600000000000001	0.0	0.0	0.0	0.0
8.7	0.0	0.0	0.0	0.0
8.8	0.0	0.0	0.0	0.0
8.9	0.0	0.0	0.0	0.0
9.0	0.0	0.0	0.0	0.0
9.100000000000001	0.0	0.0	0.0	0.0
9.2	0.0	0.0	0.0	0.0
9.3	0.0	0.0	0.0	0.0
9.4	0.0	0.0	0.0	0.0
9.5	0.0	0.0	0.0	0.0
9.600000000000001	0.0	0.0	0.0	0.0
9.7	0.0	0.0	0.0	0.0
9.8	0.0	0.0	0.0	0.0
9.9	0.0	0.0	0.0	0.0
