4.0	0.003466406742428737	0.003466406742428737	0.003466406742428737	0.003466406742428737
4.1	0.003466406742428737	0.003466406742428737	0.003466406742428737	0.003466406742428737
4.2	0.003466406742428737	0.003466406742428737	0.003466406742428737	0.003466406742428737
4.3	0.003466406742428737	0.003466406742428737	0.003466406742428737	0.003466406742428737
4.4	0.003466406742428737	0.003466406742428737	0.003466406742428737	0.003466406742428737
4.5	0.003466406742428737	0.003466406742428737	0.003466406742428737	0.003466406742428737
4.6	0.003466406742428737	0.003466406742428737	0.003466406742428737	0.003466406742428737
4.7	0.003466406742428737	0.003466406742428737	0.003466406742428737	0.003466406742428737
4.8	0.003466406742428737	0.003466406742428737	0.003466406742428737	0.003466406742428737
4.9	0.003466406742428737	0.003466406742428737	0.003466406742428737	0.003466406742428737
5.0	0.003466406742428737	0.003466406742428737	0.003466406742428737	0.003466406742428737
5.1	0.003466406742428737	0.003466406742428737	0.003466406742428737	0.003466406742428737
5.2	0.003466406742428737	0.003466406742428737	0.003466406742428737	0.003466406742428737
5.3	0.003466406742428737	0.003466406742428737	0.003466406742428737	0.003466406742428737
5.4	0.003466406742428737	0.003466406742428737	0.003466406742428737	0.003466406742428737
5.5	0.003466406742428737	0.003466406742428737	0.003466406742428737	0.003466406742428737
5.6	0.0013898575145254973	0.0013898575145254973	0.0013898575145254973	0.0013898575145254973
5.7	0.0013898575145254973	0.0013898575145254973	0.0013898575145254973	0.0013898575145254973
5.8	0.0013898575145254973	0.0013898575145254973	0.0013898575145254973	0.0013898575145254973
5.9	0.001226126965756004	0.001226126965756004	0.001226126965756004	0.001226126965756004
6.0	0.0008542415038071606	0.0008542415038071606	0.0008542415038071606	0.0008542415038071606
6.1	0.00077389141927573	0.00077389141927573	0.00077389141927573	0.00077389141927573
6.2	0.0007738914192757301	0.0007738914192757301	0.0007738914192757301	0.0007738914192757301
6.300000000000001	0.0007396187072859212	0.0007396187072859212	0.0007396187072859212	0.0007396187072859212
6.4	0.0006183025974229364	0.0006183025974229364	0.0006183025974229364	0.0006183025974229364
6.5	0.0006183025974229364	0.0006183025974229364	0.0006183025974229364	0.0006183025974229364
6.6	0.0005361984809425628	0.0005361984809425628	0.0005361984809425628	0.0005361984809425628
6.7	0.00037526967840396713	0.00037526967840396713	0.00037526967840396713	0.00037526967840396713
6.800000000000001	0.00031382151255858736	0.00031382151255858736	0.00031382151255858736	0.00031382151255858736
6.9	0.00027723190356940773	0.00027723190356940773	0.00027723190356940773	0.00027723190356940773
7.0	0.00026367567956081794	0.00026367567956081794	0.00026367567956081794	0.00026367567956081794
7.1	0.0002189597880636465	0.0002189597880636465	0.0002189597880636465	0.0002189597880636465
7.2	0.00019283467193566677	0.00019283467193566677	0.00019283467193566677	0.00019283467193566677
7.300000000000001	0.00016178427415810764	0.00016178427415810764	0.00016178427415810764	0.00016178427415810764
7.4	0.00013088559266916062	0.00013088559266916062	0.00013088559266916062	0.00013088559266916062
7.5	0.00010773695536693171	0.00010773695536693171	0.00010773695536693171	0.00010773695536693171
7.6	5.219488463187102e-05	5.219488463187102e-05	5.219488463187102e-05	5.219488463187102e-05
7.7	4.077132526273098e-05	4.077132526273098e-05	4.077132526273098e-05	4.077132526273098e-05
7.800000000000001	1.2934721236867701e-05	1.2934721236867701e-05	1.2934721236867701e-05	1.2934721236867701e-05
7.9	4.52465357000899e-06	4.52465357000899e-06	4.52465357000899e-06	4.52465357000899e-06
8.0	0.0	0.0	0.0	0.0
8.100000000000001	0.0	0.0	0.0	0.0
8.2	0.0	0.0	0.0	0.0
8.3	0.0	0.0	0.0	0.0
8.4	0.0	0.0	0.0	0.0
8.5	0.0	0.0	0.0	0.0
8.600000000000001	0.0	0.0	0.0	0.0
8.7	0.0	0.0	0.0	0.0
8.8	0.0	0.0	0.0	0.0
8.9	0.0	0.0	0.0	0.0
9.0	0.0	0.0	0.0	0.0
9.100000000000001	0.0	0.0	0.0	0.0
9.2	0.0	0.0	0.0	0.0
9.3	0.0	0.0	0.0	0.0
9.4	0.0	0.0	0.0	0.0
9.5	0.0	0.0	0.0	0.0
9.600000000000001	0.0	0.0	0.0	0.0
9.7	0.0	0.0	0.0	0.0
9.8	0.0	0.0	0.0	0.0
9.9	0.0	0.0	0.0	0.0
