4.0	0.023610449118078605	0.023610449118078605	0.023610449118078605	0.023610449118078605
4.1	0.023610449118078605	0.023610449118078605	0.023610449118078605	0.023610449118078605
4.2	0.023610449118078605	0.023610449118078605	0.023610449118078605	0.023610449118078605
4.3	0.023610449118078605	0.023610449118078605	0.023610449118078605	0.023610449118078605
4.4	0.023610449118078605	0.023610449118078605	0.023610449118078605	0.023610449118078605
4.5	0.023610449118078605	0.023610449118078605	0.023610449118078605	0.023610449118078605
4.6	0.023610449118078605	0.023610449118078605	0.023610449118078605	0.023610449118078605
4.7	0.023610449118078605	0.023610449118078605	0.023610449118078605	0.023610449118078605
4.8	0.023610449118078605	0.023610449118078605	0.023610449118078605	0.023610449118078605
4.9	0.023610449118078605	0.023610449118078605	0.023610449118078605	0.023610449118078605
5.0	0.023610449118078605	0.023610449118078605	0.023610449118078605	0.023610449118078605
5.1	0.023610449118078605	0.023610449118078605	0.023610449118078605	0.023610449118078605
5.2	0.023610449118078605	0.023610449118078605	0.023610449118078605	0.023610449118078605
5.3	0.023610449118078605	0.023610449118078605	0.023610449118078605	0.023610449118078605
5.4	0.023610449118078605	0.023610449118078605	0.023610449118078605	0.023610449118078605
5.5	0.023610449118078605	0.023610449118078605	0.023610449118078605	0.023610449118078605
5.6	0.014773225905234824	0.014773225905234824	0.014773225905234824	0.014773225905234824
5.7	0.01025875479877067	0.01025875479877067	0.01025875479877067	0.01025875479877067
5.8	0.008455237293423583	0.008455237293423583	0.008455237293423583	0.008455237293423583
5.9	0.006204519148888953	0.006204519148888953	0.006204519148888953	0.006204519148888953
6.0	0.006204519148888953	0.006204519148888953	0.006204519148888953	0.006204519148888953
6.1	0.005487222264116667	0.005487222264116667	0.005487222264116667	0.005487222264116667
6.2	0.005057377075866921	0.005057377075866921	0.005057377075866921	0.005057377075866921
6.300000000000001	0.003604459896228317	0.003604459896228317	0.003604459896228317	0.003604459896228317
6.4	0.0024903337617667278	0.0024903337617667278	0.0024903337617667278	0.0024903337617667278
6.5	0.002305671200306467	0.002305671200306467	0.002305671200306467	0.002305671200306467
6.6	0.0021220125548569906	0.0021220125548569906	0.0021220125548569906	0.0021220125548569906
6.7	0.0019121814201753524	0.0019121814201753524	0.0019121814201753524	0.0019121814201753524
6.800000000000001	0.0018572713185383985	0.0018572713185383985	0.0018572713185383985	0.0018572713185383985
6.9	0.0018572713185383983	0.0018572713185383983	0.0018572713185383983	0.0018572713185383983
7.0	0.001361124942408619	0.001361124942408619	0.001361124942408619	0.001361124942408619
7.1	0.0012629719428501878	0.0012629719428501878	0.0012629719428501878	0.0012629719428501878
7.2	0.0008365373597598298	0.0008365373597598298	0.0008365373597598298	0.0008365373597598298
7.300000000000001	0.0007097152561203188	0.0007097152561203188	0.0007097152561203188	0.0007097152561203188
7.4	0.00043616772334212345	0.00043616772334212345	0.00043616772334212345	0.00043616772334212345
7.5	0.00032979036045426057	0.00032979036045426057	0.00032979036045426057	0.00032979036045426057
7.6	0.00022898097167103762	0.00022898097167103762	0.00022898097167103762	0.00022898097167103762
7.7	8.92294162827399e-05	8.92294162827399e-05	8.92294162827399e-05	8.92294162827399e-05
7.800000000000001	2.297496085155815e-06	2.297496085155815e-06	2.297496085155815e-06	2.297496085155815e-06
7.9	8.638074880403958e-07	8.638074880403958e-07	8.638074880403958e-07	8.638074880403958e-07
8.0	0.0	0.0	0.0	0.0
8.100000000000001	0.0	0.0	0.0	0.0
8.2	0.0	0.0	0.0	0.0
8.3	0.0	0.0	0.0	0.0
8.4	0.0	0.0	0.0	0.0
8.5	0.0	0.0	0.0	0.0
8.600000000000001	0.0	0.0	0.0	0.0
8.7	0.0	0.0	0.0	0.0
8.8	0.0	0.0	0.0	0.0
8.9	0.0	0.0	0.0	0.0
9.0	0.0	0.0	0.0	0.0
9.100000000000001	0.0	0.0	0.0	0.0
9.2	0.0	0.0	0.0	0.0
9.3	0.0	0.0	0.0	0.0
9.4	0.0	0.0	0.0	0.0
9.5	0.0	0.0	0.0	0.0
9.600000000000001	0.0	0.0	0.0	0.0
9.7	0.0	0.0	0.0	0.0
9.8	0.0	0.0	0.0	0.0
9.9	0.0	0.0	0.0	0.0
