4.0	0.13743965350268686	0.13743965350268686	0.13743965350268686	0.13743965350268686
4.1	0.13743965350268686	0.13743965350268686	0.13743965350268686	0.13743965350268686
4.2	0.1374396535026869	0.1374396535026869	0.1374396535026869	0.1374396535026869
4.3	0.13743965350268686	0.13743965350268686	0.13743965350268686	0.13743965350268686
4.4	0.13743965350268686	0.13743965350268686	0.13743965350268686	0.13743965350268686
4.5	0.13743965350268686	0.13743965350268686	0.13743965350268686	0.13743965350268686
4.6	0.1374396535026869	0.1374396535026869	0.1374396535026869	0.1374396535026869
4.7	0.13743965350268686	0.13743965350268686	0.13743965350268686	0.13743965350268686
4.8	0.13743965350268686	0.13743965350268686	0.13743965350268686	0.13743965350268686
4.9	0.13743965350268686	0.13743965350268686	0.13743965350268686	0.13743965350268686
5.0	0.1374396535026869	0.1374396535026869	0.1374396535026869	0.1374396535026869
5.1	0.13743965350268686	0.13743965350268686	0.13743965350268686	0.13743965350268686
5.2	0.13743965350268686	0.13743965350268686	0.13743965350268686	0.13743965350268686
5.3	0.13743965350268686	0.13743965350268686	0.13743965350268686	0.13743965350268686
5.4	0.1374396535026869	0.1374396535026869	0.1374396535026869	0.1374396535026869
5.5	0.13743965350268686	0.13743965350268686	0.13743965350268686	0.13743965350268686
5.6	0.1100260246887503	0.1100260246887503	0.1100260246887503	0.1100260246887503
5.7	0.09968362574786627	0.09968362574786627	0.09968362574786627	0.09968362574786627
5.8	0.08144282886378401	0.08144282886378401	0.08144282886378401	0.08144282886378401
5.9	0.058415505770030504	0.058415505770030504	0.058415505770030504	0.058415505770030504
6.0	0.04855782128307633	0.04855782128307633	0.04855782128307633	0.04855782128307633
6.1	0.04208275886199858	0.04208275886199858	0.04208275886199858	0.04208275886199858
6.2	0.03527978292939468	0.03527978292939468	0.03527978292939468	0.03527978292939468
6.300000000000001	0.03106424225222759	0.03106424225222759	0.03106424225222759	0.03106424225222759
6.4	0.028516212786781143	0.028516212786781143	0.028516212786781143	0.028516212786781143
6.5	0.025025925006058682	0.025025925006058682	0.025025925006058682	0.025025925006058682
6.6	0.021845573165768278	0.021845573165768278	0.021845573165768278	0.021845573165768278
6.7	0.019890926801536875	0.019890926801536875	0.019890926801536875	0.019890926801536875
6.800000000000001	0.017561242559469215	0.017561242559469215	0.017561242559469215	0.017561242559469215
6.9	0.01457480007673179	0.01457480007673179	0.01457480007673179	0.01457480007673179
7.0	0.012793098069247319	0.012793098069247319	0.012793098069247319	0.012793098069247319
7.1	0.010613657514478202	0.010613657514478202	0.010613657514478202	0.010613657514478202
7.2	0.00844514923826617	0.00844514923826617	0.00844514923826617	0.00844514923826617
7.300000000000001	0.007249833652308137	0.007249833652308137	0.007249833652308137	0.007249833652308137
7.4	0.005660014692323022	0.005660014692323022	0.005660014692323022	0.005660014692323022
7.5	0.004277473534245252	0.004277473534245252	0.004277473534245252	0.004277473534245252
7.6	0.003133768393038857	0.003133768393038857	0.003133768393038857	0.003133768393038857
7.7	0.002232378144300878	0.002232378144300878	0.002232378144300878	0.002232378144300878
7.800000000000001	0.0012700996384619866	0.0012700996384619866	0.0012700996384619866	0.0012700996384619866
7.9	0.000862963156230783	0.000862963156230783	0.000862963156230783	0.000862963156230783
8.0	0.0004891829449931349	0.0004891829449931349	0.0004891829449931349	0.0004891829449931349
8.100000000000001	0.00020817904240950832	0.00020817904240950832	0.00020817904240950832	0.00020817904240950832
8.2	0.0	0.0	0.0	0.0
8.3	0.0	0.0	0.0	0.0
8.4	0.0	0.0	0.0	0.0
8.5	0.0	0.0	0.0	0.0
8.600000000000001	0.0	0.0	0.0	0.0
8.7	0.0	0.0	0.0	0.0
8.8	0.0	0.0	0.0	0.0
8.9	0.0	0.0	0.0	0.0
9.0	0.0	0.0	0.0	0.0
9.100000000000001	0.0	0.0	0.0	0.0
9.2	0.0	0.0	0.0	0.0
9.3	0.0	0.0	0.0	0.0
9.4	0.0	0.0	0.0	0.0
9.5	0.0	0.0	0.0	0.0
9.600000000000001	0.0	0.0	0.0	0.0
9.7	0.0	0.0	0.0	0.0
9.8	0.0	0.0	0.0	0.0
9.9	0.0	0.0	0.0	0.0
