4.0	0.020682373936475682	0.020682373936475682	0.020682373936475682	0.020682373936475682
4.1	0.020682373936475682	0.020682373936475682	0.020682373936475682	0.020682373936475682
4.2	0.020682373936475682	0.020682373936475682	0.020682373936475682	0.020682373936475682
4.3	0.020682373936475682	0.020682373936475682	0.020682373936475682	0.020682373936475682
4.4	0.020682373936475682	0.020682373936475682	0.020682373936475682	0.020682373936475682
4.5	0.020682373936475682	0.020682373936475682	0.020682373936475682	0.020682373936475682
4.6	0.020682373936475682	0.020682373936475682	0.020682373936475682	0.020682373936475682
4.7	0.020682373936475682	0.020682373936475682	0.020682373936475682	0.020682373936475682
4.8	0.020682373936475682	0.020682373936475682	0.020682373936475682	0.020682373936475682
4.9	0.020682373936475682	0.020682373936475682	0.020682373936475682	0.020682373936475682
5.0	0.020682373936475682	0.020682373936475682	0.020682373936475682	0.020682373936475682
5.1	0.020682373936475682	0.020682373936475682	0.020682373936475682	0.020682373936475682
5.2	0.020682373936475682	0.020682373936475682	0.020682373936475682	0.020682373936475682
5.3	0.020682373936475682	0.020682373936475682	0.020682373936475682	0.020682373936475682
5.4	0.020682373936475682	0.020682373936475682	0.020682373936475682	0.020682373936475682
5.5	0.020682373936475682	0.020682373936475682	0.020682373936475682	0.020682373936475682
5.6	0.016379672715030644	0.016379672715030644	0.016379672715030644	0.016379672715030644
5.7	0.015353824717578584	0.015353824717578584	0.015353824717578584	0.015353824717578584
5.8	0.012530410074861683	0.012530410074861683	0.012530410074861683	0.012530410074861683
5.9	0.010311897768195513	0.010311897768195513	0.010311897768195513	0.010311897768195513
6.0	0.008550984984617808	0.008550984984617808	0.008550984984617808	0.008550984984617808
6.1	0.00807049642140985	0.00807049642140985	0.00807049642140985	0.00807049642140985
6.2	0.006963766251559405	0.006963766251559405	0.006963766251559405	0.006963766251559405
6.300000000000001	0.006506611977025333	0.006506611977025333	0.006506611977025333	0.006506611977025333
6.4	0.0056186620655318785	0.0056186620655318785	0.0056186620655318785	0.0056186620655318785
6.5	0.005174067435762384	0.005174067435762384	0.005174067435762384	0.005174067435762384
6.6	0.004978423823790049	0.004978423823790049	0.004978423823790049	0.004978423823790049
6.7	0.0047923746066566054	0.0047923746066566054	0.0047923746066566054	0.0047923746066566054
6.800000000000001	0.003352254335536878	0.003352254335536878	0.003352254335536878	0.003352254335536878
6.9	0.0022919578333670076	0.0022919578333670076	0.0022919578333670076	0.0022919578333670076
7.0	0.00224140026263985	0.00224140026263985	0.00224140026263985	0.00224140026263985
7.1	0.0019034666829560393	0.0019034666829560393	0.0019034666829560393	0.0019034666829560393
7.2	0.0015708105088069865	0.0015708105088069865	0.0015708105088069865	0.0015708105088069865
7.300000000000001	0.0011383153087841814	0.0011383153087841814	0.0011383153087841814	0.0011383153087841814
7.4	0.0008496411370624208	0.0008496411370624208	0.0008496411370624208	0.0008496411370624208
7.5	0.0006613789885554022	0.0006613789885554022	0.0006613789885554022	0.0006613789885554022
7.6	0.0005009921711684774	0.0005009921711684774	0.0005009921711684774	0.0005009921711684774
7.7	0.00022692826103739802	0.00022692826103739802	0.00022692826103739802	0.00022692826103739802
7.800000000000001	0.0	0.0	0.0	0.0
7.9	0.0	0.0	0.0	0.0
8.0	0.0	0.0	0.0	0.0
8.100000000000001	0.0	0.0	0.0	0.0
8.2	0.0	0.0	0.0	0.0
8.3	0.0	0.0	0.0	0.0
8.4	0.0	0.0	0.0	0.0
8.5	0.0	0.0	0.0	0.0
8.600000000000001	0.0	0.0	0.0	0.0
8.7	0.0	0.0	0.0	0.0
8.8	0.0	0.0	0.0	0.0
8.9	0.0	0.0	0.0	0.0
9.0	0.0	0.0	0.0	0.0
9.100000000000001	0.0	0.0	0.0	0.0
9.2	0.0	0.0	0.0	0.0
9.3	0.0	0.0	0.0	0.0
9.4	0.0	0.0	0.0	0.0
9.5	0.0	0.0	0.0	0.0
9.600000000000001	0.0	0.0	0.0	0.0
9.7	0.0	0.0	0.0	0.0
9.8	0.0	0.0	0.0	0.0
9.9	0.0	0.0	0.0	0.0
