4.0	0.009179390623104789	0.009179390623104789	0.009179390623104789	0.009179390623104789
4.1	0.009179390623104789	0.009179390623104789	0.009179390623104789	0.009179390623104789
4.2	0.009179390623104789	0.009179390623104789	0.009179390623104789	0.009179390623104789
4.3	0.009179390623104789	0.009179390623104789	0.009179390623104789	0.009179390623104789
4.4	0.009179390623104789	0.009179390623104789	0.009179390623104789	0.009179390623104789
4.5	0.009179390623104789	0.009179390623104789	0.009179390623104789	0.009179390623104789
4.6	0.009179390623104789	0.009179390623104789	0.009179390623104789	0.009179390623104789
4.7	0.009179390623104789	0.009179390623104789	0.009179390623104789	0.009179390623104789
4.8	0.009179390623104789	0.009179390623104789	0.009179390623104789	0.009179390623104789
4.9	0.009179390623104789	0.009179390623104789	0.009179390623104789	0.009179390623104789
5.0	0.009179390623104789	0.009179390623104789	0.009179390623104789	0.009179390623104789
5.1	0.009179390623104789	0.009179390623104789	0.009179390623104789	0.009179390623104789
5.2	0.009179390623104789	0.009179390623104789	0.009179390623104789	0.009179390623104789
5.3	0.009179390623104789	0.009179390623104789	0.009179390623104789	0.009179390623104789
5.4	0.009179390623104789	0.009179390623104789	0.009179390623104789	0.009179390623104789
5.5	0.009179390623104789	0.009179390623104789	0.009179390623104789	0.009179390623104789
5.6	0.009179390623104789	0.009179390623104789	0.009179390623104789	0.009179390623104789
5.7	0.009179390623104789	0.009179390623104789	0.009179390623104789	0.009179390623104789
5.8	0.009179390623104789	0.009179390623104789	0.009179390623104789	0.009179390623104789
5.9	0.007342737393662473	0.007342737393662473	0.007342737393662473	0.007342737393662473
6.0	0.0055197593485221234	0.0055197593485221234	0.0055197593485221234	0.0055197593485221234
6.1	0.00484286116057136	0.00484286116057136	0.00484286116057136	0.00484286116057136
6.2	0.004113518305863061	0.004113518305863061	0.004113518305863061	0.004113518305863061
6.300000000000001	0.003999812720444116	0.003999812720444116	0.003999812720444116	0.003999812720444116
6.4	0.0036454922421335235	0.0036454922421335235	0.0036454922421335235	0.0036454922421335235
6.5	0.003586636002270283	0.003586636002270283	0.003586636002270283	0.003586636002270283
6.6	0.003401143401468642	0.003401143401468642	0.003401143401468642	0.003401143401468642
6.7	0.0033276419696312534	0.0033276419696312534	0.0033276419696312534	0.0033276419696312534
6.800000000000001	0.0028892933992464426	0.0028892933992464426	0.0028892933992464426	0.0028892933992464426
6.9	0.0025665514991291506	0.0025665514991291506	0.0025665514991291506	0.0025665514991291506
7.0	0.0022274448020055833	0.0022274448020055833	0.0022274448020055833	0.0022274448020055833
7.1	0.0015436980277782329	0.0015436980277782329	0.0015436980277782329	0.0015436980277782329
7.2	0.0012313336629117572	0.0012313336629117572	0.0012313336629117572	0.0012313336629117572
7.300000000000001	0.0011905493482818946	0.0011905493482818946	0.0011905493482818946	0.0011905493482818946
7.4	0.000940148483609017	0.000940148483609017	0.000940148483609017	0.000940148483609017
7.5	0.0006621529276132585	0.0006621529276132585	0.0006621529276132585	0.0006621529276132585
7.6	0.0004816626421187976	0.0004816626421187976	0.0004816626421187976	0.0004816626421187976
7.7	0.0002340575478673056	0.0002340575478673056	0.0002340575478673056	0.0002340575478673056
7.800000000000001	0.0	0.0	0.0	0.0
7.9	0.0	0.0	0.0	0.0
8.0	0.0	0.0	0.0	0.0
8.100000000000001	0.0	0.0	0.0	0.0
8.2	0.0	0.0	0.0	0.0
8.3	0.0	0.0	0.0	0.0
8.4	0.0	0.0	0.0	0.0
8.5	0.0	0.0	0.0	0.0
8.600000000000001	0.0	0.0	0.0	0.0
8.7	0.0	0.0	0.0	0.0
8.8	0.0	0.0	0.0	0.0
8.9	0.0	0.0	0.0	0.0
9.0	0.0	0.0	0.0	0.0
9.100000000000001	0.0	0.0	0.0	0.0
9.2	0.0	0.0	0.0	0.0
9.3	0.0	0.0	0.0	0.0
9.4	0.0	0.0	0.0	0.0
9.5	0.0	0.0	0.0	0.0
9.600000000000001	0.0	0.0	0.0	0.0
9.7	0.0	0.0	0.0	0.0
9.8	0.0	0.0	0.0	0.0
9.9	0.0	0.0	0.0	0.0
