4.0	0.01029265395840225	0.01029265395840225	0.01029265395840225	0.01029265395840225
4.1	0.01029265395840225	0.01029265395840225	0.01029265395840225	0.01029265395840225
4.2	0.01029265395840225	0.01029265395840225	0.01029265395840225	0.01029265395840225
4.3	0.01029265395840225	0.01029265395840225	0.01029265395840225	0.01029265395840225
4.4	0.01029265395840225	0.01029265395840225	0.01029265395840225	0.01029265395840225
4.5	0.01029265395840225	0.01029265395840225	0.01029265395840225	0.01029265395840225
4.6	0.01029265395840225	0.01029265395840225	0.01029265395840225	0.01029265395840225
4.7	0.01029265395840225	0.01029265395840225	0.01029265395840225	0.01029265395840225
4.8	0.01029265395840225	0.01029265395840225	0.01029265395840225	0.01029265395840225
4.9	0.01029265395840225	0.01029265395840225	0.01029265395840225	0.01029265395840225
5.0	0.01029265395840225	0.01029265395840225	0.01029265395840225	0.01029265395840225
5.1	0.01029265395840225	0.01029265395840225	0.01029265395840225	0.01029265395840225
5.2	0.01029265395840225	0.01029265395840225	0.01029265395840225	0.01029265395840225
5.3	0.01029265395840225	0.01029265395840225	0.01029265395840225	0.01029265395840225
5.4	0.01029265395840225	0.01029265395840225	0.01029265395840225	0.01029265395840225
5.5	0.01029265395840225	0.01029265395840225	0.01029265395840225	0.01029265395840225
5.6	0.006255961756754966	0.006255961756754966	0.006255961756754966	0.006255961756754966
5.7	0.006255961756754966	0.006255961756754966	0.006255961756754966	0.006255961756754966
5.8	0.0051844749641305025	0.0051844749641305025	0.0051844749641305025	0.0051844749641305025
5.9	0.004763642008611955	0.004763642008611955	0.004763642008611955	0.004763642008611955
6.0	0.0038628418126084815	0.0038628418126084815	0.0038628418126084815	0.0038628418126084815
6.1	0.0032496517151728416	0.0032496517151728416	0.0032496517151728416	0.0032496517151728416
6.2	0.002462474023802576	0.002462474023802576	0.002462474023802576	0.002462474023802576
6.300000000000001	0.0023012238319705084	0.0023012238319705084	0.0023012238319705084	0.0023012238319705084
6.4	0.0022783925532627795	0.0022783925532627795	0.0022783925532627795	0.0022783925532627795
6.5	0.001896877870900624	0.001896877870900624	0.001896877870900624	0.001896877870900624
6.6	0.0016827225156573256	0.0016827225156573256	0.0016827225156573256	0.0016827225156573256
6.7	0.0016174657217723407	0.0016174657217723407	0.0016174657217723407	0.0016174657217723407
6.800000000000001	0.0015357243972110044	0.0015357243972110044	0.0015357243972110044	0.0015357243972110044
6.9	0.0012562933696065918	0.0012562933696065918	0.0012562933696065918	0.0012562933696065918
7.0	0.0010401758457559503	0.0010401758457559503	0.0010401758457559503	0.0010401758457559503
7.1	0.0008038802126687228	0.0008038802126687228	0.0008038802126687228	0.0008038802126687228
7.2	0.0007249925850007071	0.0007249925850007071	0.0007249925850007071	0.0007249925850007071
7.300000000000001	0.00047531126778656844	0.00047531126778656844	0.00047531126778656844	0.00047531126778656844
7.4	0.0004072675883171563	0.0004072675883171563	0.0004072675883171563	0.0004072675883171563
7.5	0.00028961366895173735	0.00028961366895173735	0.00028961366895173735	0.00028961366895173735
7.6	0.00019822822821279838	0.00019822822821279838	0.00019822822821279838	0.00019822822821279838
7.7	0.00010567412439491497	0.00010567412439491497	0.00010567412439491497	0.00010567412439491497
7.800000000000001	4.8561283362543876e-05	4.8561283362543876e-05	4.8561283362543876e-05	4.8561283362543876e-05
7.9	3.329058117186256e-05	3.329058117186256e-05	3.329058117186256e-05	3.329058117186256e-05
8.0	2.5341474726162196e-05	2.5341474726162196e-05	2.5341474726162196e-05	2.5341474726162196e-05
8.100000000000001	1.1979062524670135e-05	1.1979062524670135e-05	1.1979062524670135e-05	1.1979062524670135e-05
8.2	0.0	0.0	0.0	0.0
8.3	0.0	0.0	0.0	0.0
8.4	0.0	0.0	0.0	0.0
8.5	0.0	0.0	0.0	0.0
8.600000000000001	0.0	0.0	0.0	0.0
8.7	0.0	0.0	0.0	0.0
8.8	0.0	0.0	0.0	0.0
8.9	0.0	0.0	0.0	0.0
9.0	0.0	0.0	0.0	0.0
9.100000000000001	0.0	0.0	0.0	0.0
9.2	0.0	0.0	0.0	0.0
9.3	0.0	0.0	0.0	0.0
9.4	0.0	0.0	0.0	0.0
9.5	0.0	0.0	0.0	0.0
9.600000000000001	0.0	0.0	0.0	0.0
9.7	0.0	0.0	0.0	0.0
9.8	0.0	0.0	0.0	0.0
9.9	0.0	0.0	0.0	0.0
