4.0	0.1759971078137561	0.1759971078137561	0.1759971078137561	0.1759971078137561
4.1	0.1759971078137561	0.1759971078137561	0.1759971078137561	0.1759971078137561
4.2	0.1759971078137561	0.1759971078137561	0.1759971078137561	0.1759971078137561
4.3	0.1759971078137561	0.1759971078137561	0.1759971078137561	0.1759971078137561
4.4	0.1759971078137561	0.1759971078137561	0.1759971078137561	0.1759971078137561
4.5	0.1759971078137561	0.1759971078137561	0.1759971078137561	0.1759971078137561
4.6	0.1759971078137561	0.1759971078137561	0.1759971078137561	0.1759971078137561
4.7	0.1759971078137561	0.1759971078137561	0.1759971078137561	0.1759971078137561
4.8	0.1759971078137561	0.1759971078137561	0.1759971078137561	0.1759971078137561
4.9	0.1759971078137561	0.1759971078137561	0.1759971078137561	0.1759971078137561
5.0	0.1759971078137561	0.1759971078137561	0.1759971078137561	0.1759971078137561
5.1	0.1759971078137561	0.1759971078137561	0.1759971078137561	0.1759971078137561
5.2	0.1759971078137561	0.1759971078137561	0.1759971078137561	0.1759971078137561
5.3	0.1759971078137561	0.1759971078137561	0.1759971078137561	0.1759971078137561
5.4	0.1759971078137561	0.1759971078137561	0.1759971078137561	0.1759971078137561
5.5	0.1759971078137561	0.1759971078137561	0.1759971078137561	0.1759971078137561
5.6	0.14620920899388556	0.14620920899388556	0.14620920899388556	0.14620920899388556
5.7	0.1033606450481368	0.1033606450481368	0.1033606450481368	0.1033606450481368
5.8	0.09099081222980437	0.09099081222980437	0.09099081222980437	0.09099081222980437
5.9	0.07682749130596127	0.07682749130596127	0.07682749130596127	0.07682749130596127
6.0	0.06027152005273873	0.06027152005273873	0.06027152005273873	0.06027152005273873
6.1	0.05079061283217207	0.05079061283217207	0.05079061283217207	0.05079061283217207
6.2	0.04412654926842559	0.04412654926842559	0.04412654926842559	0.04412654926842559
6.300000000000001	0.03809146987640559	0.03809146987640559	0.03809146987640559	0.03809146987640559
6.4	0.03270660400667274	0.03270660400667274	0.03270660400667274	0.03270660400667274
6.5	0.02835707021661022	0.02835707021661022	0.02835707021661022	0.02835707021661022
6.6	0.02325183532297354	0.02325183532297354	0.02325183532297354	0.02325183532297354
6.7	0.019102252166905028	0.019102252166905028	0.019102252166905028	0.019102252166905028
6.800000000000001	0.017622716188433748	0.017622716188433748	0.017622716188433748	0.017622716188433748
6.9	0.014438765117052239	0.014438765117052239	0.014438765117052239	0.014438765117052239
7.0	0.01177502945928462	0.01177502945928462	0.01177502945928462	0.01177502945928462
7.1	0.010665252346164267	0.010665252346164267	0.010665252346164267	0.010665252346164267
7.2	0.008895686334073583	0.008895686334073583	0.008895686334073583	0.008895686334073583
7.300000000000001	0.007137662018701615	0.007137662018701615	0.007137662018701615	0.007137662018701615
7.4	0.006162673315118022	0.006162673315118022	0.006162673315118022	0.006162673315118022
7.5	0.004775620887719193	0.004775620887719193	0.004775620887719193	0.004775620887719193
7.6	0.00375265679806362	0.00375265679806362	0.00375265679806362	0.00375265679806362
7.7	0.0028367340909190714	0.0028367340909190714	0.0028367340909190714	0.0028367340909190714
7.800000000000001	0.001883248449009744	0.001883248449009744	0.001883248449009744	0.001883248449009744
7.9	0.001195777153907449	0.001195777153907449	0.001195777153907449	0.001195777153907449
8.0	0.0007210982532118785	0.0007210982532118785	0.0007210982532118785	0.0007210982532118785
8.100000000000001	0.000389512769129959	0.000389512769129959	0.000389512769129959	0.000389512769129959
8.2	8.100571278275875e-05	8.100571278275875e-05	8.100571278275875e-05	8.100571278275875e-05
8.3	3.173156463257983e-05	3.173156463257983e-05	3.173156463257983e-05	3.173156463257983e-05
8.4	0.0	0.0	0.0	0.0
8.5	0.0	0.0	0.0	0.0
8.600000000000001	0.0	0.0	0.0	0.0
8.7	0.0	0.0	0.0	0.0
8.8	0.0	0.0	0.0	0.0
8.9	0.0	0.0	0.0	0.0
9.0	0.0	0.0	0.0	0.0
9.100000000000001	0.0	0.0	0.0	0.0
9.2	0.0	0.0	0.0	0.0
9.3	0.0	0.0	0.0	0.0
9.4	0.0	0.0	0.0	0.0
9.5	0.0	0.0	0.0	0.0
9.600000000000001	0.0	0.0	0.0	0.0
9.7	0.0	0.0	0.0	0.0
9.8	0.0	0.0	0.0	0.0
9.9	0.0	0.0	0.0	0.0
