4.0	0.007755313946526954	0.007755313946526954	0.007755313946526954	0.007755313946526954
4.1	0.007755313946526954	0.007755313946526954	0.007755313946526954	0.007755313946526954
4.2	0.007755313946526954	0.007755313946526954	0.007755313946526954	0.007755313946526954
4.3	0.007755313946526954	0.007755313946526954	0.007755313946526954	0.007755313946526954
4.4	0.007755313946526954	0.007755313946526954	0.007755313946526954	0.007755313946526954
4.5	0.007755313946526954	0.007755313946526954	0.007755313946526954	0.007755313946526954
4.6	0.007755313946526954	0.007755313946526954	0.007755313946526954	0.007755313946526954
4.7	0.007755313946526954	0.007755313946526954	0.007755313946526954	0.007755313946526954
4.8	0.007755313946526954	0.007755313946526954	0.007755313946526954	0.007755313946526954
4.9	0.007755313946526954	0.007755313946526954	0.007755313946526954	0.007755313946526954
5.0	0.007755313946526954	0.007755313946526954	0.007755313946526954	0.007755313946526954
5.1	0.007755313946526954	0.007755313946526954	0.007755313946526954	0.007755313946526954
5.2	0.007755313946526954	0.007755313946526954	0.007755313946526954	0.007755313946526954
5.3	0.007755313946526954	0.007755313946526954	0.007755313946526954	0.007755313946526954
5.4	0.007755313946526954	0.007755313946526954	0.007755313946526954	0.007755313946526954
5.5	0.007755313946526954	0.007755313946526954	0.007755313946526954	0.007755313946526954
5.6	0.004045335079058754	0.004045335079058754	0.004045335079058754	0.004045335079058754
5.7	0.004045335079058754	0.004045335079058754	0.004045335079058754	0.004045335079058754
5.8	0.003087619789920169	0.003087619789920169	0.003087619789920169	0.003087619789920169
5.9	0.0027414016614507744	0.0027414016614507744	0.0027414016614507744	0.0027414016614507744
6.0	0.002514170139128617	0.002514170139128617	0.002514170139128617	0.002514170139128617
6.1	0.0022575049822789878	0.0022575049822789878	0.0022575049822789878	0.0022575049822789878
6.2	0.0022575049822789878	0.0022575049822789878	0.0022575049822789878	0.0022575049822789878
6.300000000000001	0.0021605740590923154	0.0021605740590923154	0.0021605740590923154	0.0021605740590923154
6.4	0.0020605272665909233	0.0020605272665909233	0.0020605272665909233	0.0020605272665909233
6.5	0.0019520155903523925	0.0019520155903523925	0.0019520155903523925	0.0019520155903523925
6.6	0.0013204856846346425	0.0013204856846346425	0.0013204856846346425	0.0013204856846346425
6.7	0.0012318653304779204	0.0012318653304779204	0.0012318653304779204	0.0012318653304779204
6.800000000000001	0.0011627897116010416	0.0011627897116010416	0.0011627897116010416	0.0011627897116010416
6.9	0.0010972882271479104	0.0010972882271479104	0.0010972882271479104	0.0010972882271479104
7.0	0.0010972882271479104	0.0010972882271479104	0.0010972882271479104	0.0010972882271479104
7.1	0.0006761896943989419	0.0006761896943989419	0.0006761896943989419	0.0006761896943989419
7.2	0.0006190526617358787	0.0006190526617358787	0.0006190526617358787	0.0006190526617358787
7.300000000000001	0.0004922004604687825	0.0004922004604687825	0.0004922004604687825	0.0004922004604687825
7.4	0.0004388800593277111	0.0004388800593277111	0.0004388800593277111	0.0004388800593277111
7.5	0.0003154440342880589	0.0003154440342880589	0.0003154440342880589	0.0003154440342880589
7.6	0.0001879872028821927	0.0001879872028821927	0.0001879872028821927	0.0001879872028821927
7.7	0.00011102066235201887	0.00011102066235201887	0.00011102066235201887	0.00011102066235201887
7.800000000000001	3.499009416645113e-06	3.499009416645113e-06	3.499009416645113e-06	3.499009416645113e-06
7.9	1.537771461926538e-06	1.537771461926538e-06	1.537771461926538e-06	1.537771461926538e-06
8.0	0.0	0.0	0.0	0.0
8.100000000000001	0.0	0.0	0.0	0.0
8.2	0.0	0.0	0.0	0.0
8.3	0.0	0.0	0.0	0.0
8.4	0.0	0.0	0.0	0.0
8.5	0.0	0.0	0.0	0.0
8.600000000000001	0.0	0.0	0.0	0.0
8.7	0.0	0.0	0.0	0.0
8.8	0.0	0.0	0.0	0.0
8.9	0.0	0.0	0.0	0.0
9.0	0.0	0.0	0.0	0.0
9.100000000000001	0.0	0.0	0.0	0.0
9.2	0.0	0.0	0.0	0.0
9.3	0.0	0.0	0.0	0.0
9.4	0.0	0.0	0.0	0.0
9.5	0.0	0.0	0.0	0.0
9.600000000000001	0.0	0.0	0.0	0.0
9.7	0.0	0.0	0.0	0.0
9.8	0.0	0.0	0.0	0.0
9.9	0.0	0.0	0.0	0.0
