4.0	0.0009086774383669885	0.0009086774383669885	0.0009086774383669885	0.0009086774383669885
4.1	0.0009086774383669883	0.0009086774383669883	0.0009086774383669883	0.0009086774383669883
4.2	0.0009086774383669883	0.0009086774383669883	0.0009086774383669883	0.0009086774383669883
4.3	0.0009086774383669883	0.0009086774383669883	0.0009086774383669883	0.0009086774383669883
4.4	0.0009086774383669885	0.0009086774383669885	0.0009086774383669885	0.0009086774383669885
4.5	0.0009086774383669883	0.0009086774383669883	0.0009086774383669883	0.0009086774383669883
4.6	0.0009086774383669883	0.0009086774383669883	0.0009086774383669883	0.0009086774383669883
4.7	0.0009086774383669883	0.0009086774383669883	0.0009086774383669883	0.0009086774383669883
4.8	0.0009086774383669885	0.0009086774383669885	0.0009086774383669885	0.0009086774383669885
4.9	0.0009086774383669883	0.0009086774383669883	0.0009086774383669883	0.0009086774383669883
5.0	0.0009086774383669883	0.0009086774383669883	0.0009086774383669883	0.0009086774383669883
5.1	0.0009086774383669883	0.0009086774383669883	0.0009086774383669883	0.0009086774383669883
5.2	0.0009086774383669885	0.0009086774383669885	0.0009086774383669885	0.0009086774383669885
5.3	0.0009086774383669883	0.0009086774383669883	0.0009086774383669883	0.0009086774383669883
5.4	0.0009086774383669883	0.0009086774383669883	0.0009086774383669883	0.0009086774383669883
5.5	0.0009086774383669883	0.0009086774383669883	0.0009086774383669883	0.0009086774383669883
5.6	0.0009086774383669885	0.0009086774383669885	0.0009086774383669885	0.0009086774383669885
5.7	0.0009086774383669883	0.0009086774383669883	0.0009086774383669883	0.0009086774383669883
5.8	0.0009086774383669883	0.0009086774383669883	0.0009086774383669883	0.0009086774383669883
5.9	0.0008635234482779452	0.0008635234482779452	0.0008635234482779452	0.0008635234482779452
6.0	0.0006889367588819518	0.0006889367588819518	0.0006889367588819518	0.0006889367588819518
6.1	0.0006471571834112552	0.0006471571834112552	0.0006471571834112552	0.0006471571834112552
6.2	0.0005485649356517933	0.0005485649356517933	0.0005485649356517933	0.0005485649356517933
6.300000000000001	0.00048749171524930894	0.00048749171524930894	0.00048749171524930894	0.00048749171524930894
6.4	0.00046525578608906204	0.00046525578608906204	0.00046525578608906204	0.00046525578608906204
6.5	0.0004158439235577488	0.0004158439235577488	0.0004158439235577488	0.0004158439235577488
6.6	0.0003926264989265904	0.0003926264989265904	0.0003926264989265904	0.0003926264989265904
6.7	0.0003079449203050731	0.0003079449203050731	0.0003079449203050731	0.0003079449203050731
6.800000000000001	0.0002877289889470697	0.0002877289889470697	0.0002877289889470697	0.0002877289889470697
6.9	0.0002597981404069806	0.0002597981404069806	0.0002597981404069806	0.0002597981404069806
7.0	0.0002485315253252632	0.0002485315253252632	0.0002485315253252632	0.0002485315253252632
7.1	0.00023277980456139685	0.00023277980456139685	0.00023277980456139685	0.00023277980456139685
7.2	0.00020830641948568876	0.00020830641948568876	0.00020830641948568876	0.00020830641948568876
7.300000000000001	0.00017860721432192198	0.00017860721432192198	0.00017860721432192198	0.00017860721432192198
7.4	0.00014544263038594816	0.00014544263038594816	0.00014544263038594816	0.00014544263038594816
7.5	0.00012582382873538037	0.00012582382873538037	0.00012582382873538037	0.00012582382873538037
7.6	8.057261451964136e-05	8.057261451964136e-05	8.057261451964136e-05	8.057261451964136e-05
7.7	5.771179710751171e-05	5.771179710751171e-05	5.771179710751171e-05	5.771179710751171e-05
7.800000000000001	4.752786006848718e-05	4.752786006848718e-05	4.752786006848718e-05	4.752786006848718e-05
7.9	2.635453501335748e-05	2.635453501335748e-05	2.635453501335748e-05	2.635453501335748e-05
8.0	1.9643267650890215e-05	1.9643267650890215e-05	1.9643267650890215e-05	1.9643267650890215e-05
8.100000000000001	5.770858513294165e-06	5.770858513294165e-06	5.770858513294165e-06	5.770858513294165e-06
8.2	3.2940142695102392e-06	3.2940142695102392e-06	3.2940142695102392e-06	3.2940142695102392e-06
8.3	6.482527716843517e-07	6.482527716843517e-07	6.482527716843517e-07	6.482527716843517e-07
8.4	0.0	0.0	0.0	0.0
8.5	0.0	0.0	0.0	0.0
8.600000000000001	0.0	0.0	0.0	0.0
8.7	0.0	0.0	0.0	0.0
8.8	0.0	0.0	0.0	0.0
8.9	0.0	0.0	0.0	0.0
9.0	0.0	0.0	0.0	0.0
9.100000000000001	0.0	0.0	0.0	0.0
9.2	0.0	0.0	0.0	0.0
9.3	0.0	0.0	0.0	0.0
9.4	0.0	0.0	0.0	0.0
9.5	0.0	0.0	0.0	0.0
9.600000000000001	0.0	0.0	0.0	0.0
9.7	0.0	0.0	0.0	0.0
9.8	0.0	0.0	0.0	0.0
9.9	0.0	0.0	0.0	0.0
