4.0	0.10644473004231877	0.10644473004231877	0.10644473004231877	0.10644473004231877
4.1	0.10644473004231877	0.10644473004231877	0.10644473004231877	0.10644473004231877
4.2	0.10644473004231877	0.10644473004231877	0.10644473004231877	0.10644473004231877
4.3	0.10644473004231877	0.10644473004231877	0.10644473004231877	0.10644473004231877
4.4	0.10644473004231877	0.10644473004231877	0.10644473004231877	0.10644473004231877
4.5	0.10644473004231877	0.10644473004231877	0.10644473004231877	0.10644473004231877
4.6	0.10644473004231877	0.10644473004231877	0.10644473004231877	0.10644473004231877
4.7	0.10644473004231877	0.10644473004231877	0.10644473004231877	0.10644473004231877
4.8	0.10644473004231877	0.10644473004231877	0.10644473004231877	0.10644473004231877
4.9	0.10644473004231877	0.10644473004231877	0.10644473004231877	0.10644473004231877
5.0	0.10644473004231877	0.10644473004231877	0.10644473004231877	0.10644473004231877
5.1	0.10644473004231877	0.10644473004231877	0.10644473004231877	0.10644473004231877
5.2	0.10644473004231877	0.10644473004231877	0.10644473004231877	0.10644473004231877
5.3	0.10644473004231877	0.10644473004231877	0.10644473004231877	0.10644473004231877
5.4	0.10644473004231877	0.10644473004231877	0.10644473004231877	0.10644473004231877
5.5	0.10644473004231877	0.10644473004231877	0.10644473004231877	0.10644473004231877
5.6	0.09324372837231093	0.09324372837231093	0.09324372837231093	0.09324372837231093
5.7	0.07650968609023917	0.07650968609023917	0.07650968609023917	0.07650968609023917
5.8	0.06429416270644041	0.06429416270644041	0.06429416270644041	0.06429416270644041
5.9	0.04570415324386183	0.04570415324386183	0.04570415324386183	0.04570415324386183
6.0	0.03937335609410312	0.03937335609410312	0.03937335609410312	0.03937335609410312
6.1	0.034875458277711394	0.034875458277711394	0.034875458277711394	0.034875458277711394
6.2	0.02841185109563782	0.02841185109563782	0.02841185109563782	0.02841185109563782
6.300000000000001	0.0242586454360157	0.0242586454360157	0.0242586454360157	0.0242586454360157
6.4	0.021904921604409457	0.021904921604409457	0.021904921604409457	0.021904921604409457
6.5	0.018250978391367058	0.018250978391367058	0.018250978391367058	0.018250978391367058
6.6	0.016842122043573857	0.016842122043573857	0.016842122043573857	0.016842122043573857
6.7	0.015011148169092567	0.015011148169092567	0.015011148169092567	0.015011148169092567
6.800000000000001	0.012965741281944023	0.012965741281944023	0.012965741281944023	0.012965741281944023
6.9	0.010895065475477394	0.010895065475477394	0.010895065475477394	0.010895065475477394
7.0	0.009529168812637469	0.009529168812637469	0.009529168812637469	0.009529168812637469
7.1	0.00856745572362779	0.00856745572362779	0.00856745572362779	0.00856745572362779
7.2	0.007438235015822443	0.007438235015822443	0.007438235015822443	0.007438235015822443
7.300000000000001	0.006214395513056809	0.006214395513056809	0.006214395513056809	0.006214395513056809
7.4	0.00470556882807002	0.00470556882807002	0.00470556882807002	0.00470556882807002
7.5	0.0036674364192310384	0.0036674364192310384	0.0036674364192310384	0.0036674364192310384
7.6	0.0028418665818304655	0.0028418665818304655	0.0028418665818304655	0.0028418665818304655
7.7	0.00225692070036684	0.00225692070036684	0.00225692070036684	0.00225692070036684
7.800000000000001	0.0016046133886752298	0.0016046133886752298	0.0016046133886752298	0.0016046133886752298
7.9	0.0011131010404817057	0.0011131010404817057	0.0011131010404817057	0.0011131010404817057
8.0	0.0007368632951423327	0.0007368632951423327	0.0007368632951423327	0.0007368632951423327
8.100000000000001	0.0003148846648762001	0.0003148846648762001	0.0003148846648762001	0.0003148846648762001
8.2	0.00014343094910541882	0.00014343094910541882	0.00014343094910541882	0.00014343094910541882
8.3	6.206305142260733e-05	6.206305142260733e-05	6.206305142260733e-05	6.206305142260733e-05
8.4	0.0	0.0	0.0	0.0
8.5	0.0	0.0	0.0	0.0
8.600000000000001	0.0	0.0	0.0	0.0
8.7	0.0	0.0	0.0	0.0
8.8	0.0	0.0	0.0	0.0
8.9	0.0	0.0	0.0	0.0
9.0	0.0	0.0	0.0	0.0
9.100000000000001	0.0	0.0	0.0	0.0
9.2	0.0	0.0	0.0	0.0
9.3	0.0	0.0	0.0	0.0
9.4	0.0	0.0	0.0	0.0
9.5	0.0	0.0	0.0	0.0
9.600000000000001	0.0	0.0	0.0	0.0
9.7	0.0	0.0	0.0	0.0
9.8	0.0	0.0	0.0	0.0
9.9	0.0	0.0	0.0	0.0
