4.0	0.0029680272511172193	0.0029680272511172193	0.0029680272511172193	0.0029680272511172193
4.1	0.0029680272511172193	0.0029680272511172193	0.0029680272511172193	0.0029680272511172193
4.2	0.0029680272511172197	0.0029680272511172197	0.0029680272511172197	0.0029680272511172197
4.3	0.0029680272511172193	0.0029680272511172193	0.0029680272511172193	0.0029680272511172193
4.4	0.0029680272511172193	0.0029680272511172193	0.0029680272511172193	0.0029680272511172193
4.5	0.0029680272511172193	0.0029680272511172193	0.0029680272511172193	0.0029680272511172193
4.6	0.0029680272511172197	0.0029680272511172197	0.0029680272511172197	0.0029680272511172197
4.7	0.0029680272511172193	0.0029680272511172193	0.0029680272511172193	0.0029680272511172193
4.8	0.0029680272511172193	0.0029680272511172193	0.0029680272511172193	0.0029680272511172193
4.9	0.0029680272511172193	0.0029680272511172193	0.0029680272511172193	0.0029680272511172193
5.0	0.0029680272511172197	0.0029680272511172197	0.0029680272511172197	0.0029680272511172197
5.1	0.0029680272511172193	0.0029680272511172193	0.0029680272511172193	0.0029680272511172193
5.2	0.0029680272511172193	0.0029680272511172193	0.0029680272511172193	0.0029680272511172193
5.3	0.0029680272511172193	0.0029680272511172193	0.0029680272511172193	0.0029680272511172193
5.4	0.0029680272511172197	0.0029680272511172197	0.0029680272511172197	0.0029680272511172197
5.5	0.0029680272511172193	0.0029680272511172193	0.0029680272511172193	0.0029680272511172193
5.6	0.0015637601552694455	0.0015637601552694455	0.0015637601552694455	0.0015637601552694455
5.7	0.0015637601552694455	0.0015637601552694455	0.0015637601552694455	0.0015637601552694455
5.8	0.0015637601552694455	0.0015637601552694455	0.0015637601552694455	0.0015637601552694455
5.9	0.0015289173043836453	0.0015289173043836453	0.0015289173043836453	0.0015289173043836453
6.0	0.0015289173043836453	0.0015289173043836453	0.0015289173043836453	0.0015289173043836453
6.1	0.0015079619539270753	0.0015079619539270753	0.0015079619539270753	0.0015079619539270753
6.2	0.0014918904309097194	0.0014918904309097194	0.0014918904309097194	0.0014918904309097194
6.300000000000001	0.0013851144639720327	0.0013851144639720327	0.0013851144639720327	0.0013851144639720327
6.4	0.0013764400185676143	0.0013764400185676143	0.0013764400185676143	0.0013764400185676143
6.5	0.0011250271335749224	0.0011250271335749224	0.0011250271335749224	0.0011250271335749224
6.6	0.0011250271335749224	0.0011250271335749224	0.0011250271335749224	0.0011250271335749224
6.7	0.0011250271335749224	0.0011250271335749224	0.0011250271335749224	0.0011250271335749224
6.800000000000001	0.0010506611771942474	0.0010506611771942474	0.0010506611771942474	0.0010506611771942474
6.9	0.0008172838197853864	0.0008172838197853864	0.0008172838197853864	0.0008172838197853864
7.0	0.0008019696543267328	0.0008019696543267328	0.0008019696543267328	0.0008019696543267328
7.1	0.0007521701561094416	0.0007521701561094416	0.0007521701561094416	0.0007521701561094416
7.2	0.000729705803036099	0.000729705803036099	0.000729705803036099	0.000729705803036099
7.300000000000001	0.0006861033999799856	0.0006861033999799856	0.0006861033999799856	0.0006861033999799856
7.4	0.0005833097647675029	0.0005833097647675029	0.0005833097647675029	0.0005833097647675029
7.5	0.0004630361866309958	0.0004630361866309958	0.0004630361866309958	0.0004630361866309958
7.6	0.00042589768843229127	0.00042589768843229127	0.00042589768843229127	0.00042589768843229127
7.7	0.00035157040592096464	0.00035157040592096464	0.00035157040592096464	0.00035157040592096464
7.800000000000001	0.0003030635842832933	0.0003030635842832933	0.0003030635842832933	0.0003030635842832933
7.9	0.00022120606461854348	0.00022120606461854348	0.00022120606461854348	0.00022120606461854348
8.0	0.00011685724874567981	0.00011685724874567981	0.00011685724874567981	0.00011685724874567981
8.100000000000001	0.0	0.0	0.0	0.0
8.2	0.0	0.0	0.0	0.0
8.3	0.0	0.0	0.0	0.0
8.4	0.0	0.0	0.0	0.0
8.5	0.0	0.0	0.0	0.0
8.600000000000001	0.0	0.0	0.0	0.0
8.7	0.0	0.0	0.0	0.0
8.8	0.0	0.0	0.0	0.0
8.9	0.0	0.0	0.0	0.0
9.0	0.0	0.0	0.0	0.0
9.100000000000001	0.0	0.0	0.0	0.0
9.2	0.0	0.0	0.0	0.0
9.3	0.0	0.0	0.0	0.0
9.4	0.0	0.0	0.0	0.0
9.5	0.0	0.0	0.0	0.0
9.600000000000001	0.0	0.0	0.0	0.0
9.7	0.0	0.0	0.0	0.0
9.8	0.0	0.0	0.0	0.0
9.9	0.0	0.0	0.0	0.0
