4.0	0.015534259038133382	0.015534259038133382	0.015534259038133382	0.015534259038133382
4.1	0.015534259038133384	0.015534259038133384	0.015534259038133384	0.015534259038133384
4.2	0.015534259038133382	0.015534259038133382	0.015534259038133382	0.015534259038133382
4.3	0.015534259038133384	0.015534259038133384	0.015534259038133384	0.015534259038133384
4.4	0.015534259038133382	0.015534259038133382	0.015534259038133382	0.015534259038133382
4.5	0.015534259038133384	0.015534259038133384	0.015534259038133384	0.015534259038133384
4.6	0.015534259038133382	0.015534259038133382	0.015534259038133382	0.015534259038133382
4.7	0.015534259038133384	0.015534259038133384	0.015534259038133384	0.015534259038133384
4.8	0.015534259038133382	0.015534259038133382	0.015534259038133382	0.015534259038133382
4.9	0.015534259038133384	0.015534259038133384	0.015534259038133384	0.015534259038133384
5.0	0.015534259038133382	0.015534259038133382	0.015534259038133382	0.015534259038133382
5.1	0.015534259038133384	0.015534259038133384	0.015534259038133384	0.015534259038133384
5.2	0.015534259038133382	0.015534259038133382	0.015534259038133382	0.015534259038133382
5.3	0.015534259038133384	0.015534259038133384	0.015534259038133384	0.015534259038133384
5.4	0.015534259038133382	0.015534259038133382	0.015534259038133382	0.015534259038133382
5.5	0.015534259038133384	0.015534259038133384	0.015534259038133384	0.015534259038133384
5.6	0.011282973984283979	0.011282973984283979	0.011282973984283979	0.011282973984283979
5.7	0.011049052478041305	0.011049052478041305	0.011049052478041305	0.011049052478041305
5.8	0.01003632615237721	0.01003632615237721	0.01003632615237721	0.01003632615237721
5.9	0.009062550998616392	0.009062550998616392	0.009062550998616392	0.009062550998616392
6.0	0.00541489740253734	0.00541489740253734	0.00541489740253734	0.00541489740253734
6.1	0.003917193074234112	0.003917193074234112	0.003917193074234112	0.003917193074234112
6.2	0.0035242246579150734	0.0035242246579150734	0.0035242246579150734	0.0035242246579150734
6.300000000000001	0.0032633405194640534	0.0032633405194640534	0.0032633405194640534	0.0032633405194640534
6.4	0.0030057215707484574	0.0030057215707484574	0.0030057215707484574	0.0030057215707484574
6.5	0.0028350137847477667	0.0028350137847477667	0.0028350137847477667	0.0028350137847477667
6.6	0.0028098590498779902	0.0028098590498779902	0.0028098590498779902	0.0028098590498779902
6.7	0.0021365289015053126	0.0021365289015053126	0.0021365289015053126	0.0021365289015053126
6.800000000000001	0.0015247556176133871	0.0015247556176133871	0.0015247556176133871	0.0015247556176133871
6.9	0.0013022032148022602	0.0013022032148022602	0.0013022032148022602	0.0013022032148022602
7.0	0.0012691454502322648	0.0012691454502322648	0.0012691454502322648	0.0012691454502322648
7.1	0.0009849944470154927	0.0009849944470154927	0.0009849944470154927	0.0009849944470154927
7.2	0.0008616902313077561	0.0008616902313077561	0.0008616902313077561	0.0008616902313077561
7.300000000000001	0.0006917745274696161	0.0006917745274696161	0.0006917745274696161	0.0006917745274696161
7.4	0.0005848283166353512	0.0005848283166353512	0.0005848283166353512	0.0005848283166353512
7.5	0.0005154579070697211	0.0005154579070697211	0.0005154579070697211	0.0005154579070697211
7.6	0.00039010363080334943	0.00039010363080334943	0.00039010363080334943	0.00039010363080334943
7.7	0.00026331904620768273	0.00026331904620768273	0.00026331904620768273	0.00026331904620768273
7.800000000000001	0.00012266454724635414	0.00012266454724635414	0.00012266454724635414	0.00012266454724635414
7.9	4.485164958372097e-05	4.485164958372097e-05	4.485164958372097e-05	4.485164958372097e-05
8.0	0.0	0.0	0.0	0.0
8.100000000000001	0.0	0.0	0.0	0.0
8.2	0.0	0.0	0.0	0.0
8.3	0.0	0.0	0.0	0.0
8.4	0.0	0.0	0.0	0.0
8.5	0.0	0.0	0.0	0.0
8.600000000000001	0.0	0.0	0.0	0.0
8.7	0.0	0.0	0.0	0.0
8.8	0.0	0.0	0.0	0.0
8.9	0.0	0.0	0.0	0.0
9.0	0.0	0.0	0.0	0.0
9.100000000000001	0.0	0.0	0.0	0.0
9.2	0.0	0.0	0.0	0.0
9.3	0.0	0.0	0.0	0.0
9.4	0.0	0.0	0.0	0.0
9.5	0.0	0.0	0.0	0.0
9.600000000000001	0.0	0.0	0.0	0.0
9.7	0.0	0.0	0.0	0.0
9.8	0.0	0.0	0.0	0.0
9.9	0.0	0.0	0.0	0.0
