4.0	0.2935144053553258	0.2935144053553258	0.2935144053553258	0.2935144053553258
4.1	0.2935144053553258	0.2935144053553258	0.2935144053553258	0.2935144053553258
4.2	0.2935144053553258	0.2935144053553258	0.2935144053553258	0.2935144053553258
4.3	0.2935144053553258	0.2935144053553258	0.2935144053553258	0.2935144053553258
4.4	0.2935144053553258	0.2935144053553258	0.2935144053553258	0.2935144053553258
4.5	0.2935144053553258	0.2935144053553258	0.2935144053553258	0.2935144053553258
4.6	0.2935144053553258	0.2935144053553258	0.2935144053553258	0.2935144053553258
4.7	0.2935144053553258	0.2935144053553258	0.2935144053553258	0.2935144053553258
4.8	0.2935144053553258	0.2935144053553258	0.2935144053553258	0.2935144053553258
4.9	0.2935144053553258	0.2935144053553258	0.2935144053553258	0.2935144053553258
5.0	0.2935144053553258	0.2935144053553258	0.2935144053553258	0.2935144053553258
5.1	0.2935144053553258	0.2935144053553258	0.2935144053553258	0.2935144053553258
5.2	0.2935144053553258	0.2935144053553258	0.2935144053553258	0.2935144053553258
5.3	0.2935144053553258	0.2935144053553258	0.2935144053553258	0.2935144053553258
5.4	0.2935144053553258	0.2935144053553258	0.2935144053553258	0.2935144053553258
5.5	0.2935144053553258	0.2935144053553258	0.2935144053553258	0.2935144053553258
5.6	0.25038608989620736	0.25038608989620736	0.25038608989620736	0.25038608989620736
5.7	0.2158856154225214	0.2158856154225214	0.2158856154225214	0.2158856154225214
5.8	0.19340772188645947	0.19340772188645947	0.19340772188645947	0.19340772188645947
5.9	0.16118306234867766	0.16118306234867766	0.16118306234867766	0.16118306234867766
6.0	0.12426924389039397	0.12426924389039397	0.12426924389039397	0.12426924389039397
6.1	0.09122478134916452	0.09122478134916452	0.09122478134916452	0.09122478134916452
6.2	0.08126110470885688	0.08126110470885688	0.08126110470885688	0.08126110470885688
6.300000000000001	0.0695691705826484	0.0695691705826484	0.0695691705826484	0.0695691705826484
6.4	0.06357629663451084	0.06357629663451084	0.06357629663451084	0.06357629663451084
6.5	0.055476721204387576	0.055476721204387576	0.055476721204387576	0.055476721204387576
6.6	0.04823186891333636	0.04823186891333636	0.04823186891333636	0.04823186891333636
6.7	0.039894086624264406	0.039894086624264406	0.039894086624264406	0.039894086624264406
6.800000000000001	0.03657490746530984	0.03657490746530984	0.03657490746530984	0.03657490746530984
6.9	0.03317935993138576	0.03317935993138576	0.03317935993138576	0.03317935993138576
7.0	0.027355749742997447	0.027355749742997447	0.027355749742997447	0.027355749742997447
7.1	0.022365067234098392	0.022365067234098392	0.022365067234098392	0.022365067234098392
7.2	0.01960896767524223	0.01960896767524223	0.01960896767524223	0.01960896767524223
7.300000000000001	0.015631715191407606	0.015631715191407606	0.015631715191407606	0.015631715191407606
7.4	0.013177377961393066	0.013177377961393066	0.013177377961393066	0.013177377961393066
7.5	0.010995273034889534	0.010995273034889534	0.010995273034889534	0.010995273034889534
7.6	0.009849889721855456	0.009849889721855456	0.009849889721855456	0.009849889721855456
7.7	0.008205071439540622	0.008205071439540622	0.008205071439540622	0.008205071439540622
7.800000000000001	0.006960002062417954	0.006960002062417954	0.006960002062417954	0.006960002062417954
7.9	0.0058325268924264845	0.0058325268924264845	0.0058325268924264845	0.0058325268924264845
8.0	0.004807813492091626	0.004807813492091626	0.004807813492091626	0.004807813492091626
8.100000000000001	0.0036827002307021407	0.0036827002307021407	0.0036827002307021407	0.0036827002307021407
8.2	0.0024748806666213727	0.0024748806666213727	0.0024748806666213727	0.0024748806666213727
8.3	0.0013138372472066145	0.0013138372472066145	0.0013138372472066145	0.0013138372472066145
8.4	0.0	0.0	0.0	0.0
8.5	0.0	0.0	0.0	0.0
8.600000000000001	0.0	0.0	0.0	0.0
8.7	0.0	0.0	0.0	0.0
8.8	0.0	0.0	0.0	0.0
8.9	0.0	0.0	0.0	0.0
9.0	0.0	0.0	0.0	0.0
9.100000000000001	0.0	0.0	0.0	0.0
9.2	0.0	0.0	0.0	0.0
9.3	0.0	0.0	0.0	0.0
9.4	0.0	0.0	0.0	0.0
9.5	0.0	0.0	0.0	0.0
9.600000000000001	0.0	0.0	0.0	0.0
9.7	0.0	0.0	0.0	0.0
9.8	0.0	0.0	0.0	0.0
9.9	0.0	0.0	0.0	0.0
