4.0	0.002081885819808414	0.002081885819808414	0.002081885819808414	0.002081885819808414
4.1	0.002081885819808414	0.002081885819808414	0.002081885819808414	0.002081885819808414
4.2	0.002081885819808414	0.002081885819808414	0.002081885819808414	0.002081885819808414
4.3	0.002081885819808414	0.002081885819808414	0.002081885819808414	0.002081885819808414
4.4	0.002081885819808414	0.002081885819808414	0.002081885819808414	0.002081885819808414
4.5	0.002081885819808414	0.002081885819808414	0.002081885819808414	0.002081885819808414
4.6	0.002081885819808414	0.002081885819808414	0.002081885819808414	0.002081885819808414
4.7	0.002081885819808414	0.002081885819808414	0.002081885819808414	0.002081885819808414
4.8	0.002081885819808414	0.002081885819808414	0.002081885819808414	0.002081885819808414
4.9	0.002081885819808414	0.002081885819808414	0.002081885819808414	0.002081885819808414
5.0	0.002081885819808414	0.002081885819808414	0.002081885819808414	0.002081885819808414
5.1	0.002081885819808414	0.002081885819808414	0.002081885819808414	0.002081885819808414
5.2	0.002081885819808414	0.002081885819808414	0.002081885819808414	0.002081885819808414
5.3	0.002081885819808414	0.002081885819808414	0.002081885819808414	0.002081885819808414
5.4	0.002081885819808414	0.002081885819808414	0.002081885819808414	0.002081885819808414
5.5	0.002081885819808414	0.002081885819808414	0.002081885819808414	0.002081885819808414
5.6	0.002081885819808414	0.002081885819808414	0.002081885819808414	0.002081885819808414
5.7	0.0012126664468479161	0.0012126664468479161	0.0012126664468479161	0.0012126664468479161
5.8	0.0008887926622203314	0.0008887926622203314	0.0008887926622203314	0.0008887926622203314
5.9	0.0006556861637123688	0.0006556861637123688	0.0006556861637123688	0.0006556861637123688
6.0	0.0006556861637123688	0.0006556861637123688	0.0006556861637123688	0.0006556861637123688
6.1	0.0006556861637123688	0.0006556861637123688	0.0006556861637123688	0.0006556861637123688
6.2	0.000578400418025239	0.000578400418025239	0.000578400418025239	0.000578400418025239
6.300000000000001	0.000578400418025239	0.000578400418025239	0.000578400418025239	0.000578400418025239
6.4	0.0005784004180252391	0.0005784004180252391	0.0005784004180252391	0.0005784004180252391
6.5	0.0005784004180252391	0.0005784004180252391	0.0005784004180252391	0.0005784004180252391
6.6	0.00045715242912198643	0.00045715242912198643	0.00045715242912198643	0.00045715242912198643
6.7	0.0003741436269623279	0.0003741436269623279	0.0003741436269623279	0.0003741436269623279
6.800000000000001	0.00023609693597679838	0.00023609693597679838	0.00023609693597679838	0.00023609693597679838
6.9	0.0002051855164779558	0.0002051855164779558	0.0002051855164779558	0.0002051855164779558
7.0	0.00016490128198709918	0.00016490128198709918	0.00016490128198709918	0.00016490128198709918
7.1	0.0001064300560445053	0.0001064300560445053	0.0001064300560445053	0.0001064300560445053
7.2	6.2557787796746e-05	6.2557787796746e-05	6.2557787796746e-05	6.2557787796746e-05
7.300000000000001	3.640802971080385e-05	3.640802971080385e-05	3.640802971080385e-05	3.640802971080385e-05
7.4	2.2010630078297917e-05	2.2010630078297917e-05	2.2010630078297917e-05	2.2010630078297917e-05
7.5	1.5600821063149456e-05	1.5600821063149456e-05	1.5600821063149456e-05	1.5600821063149456e-05
7.6	1.2116619086239345e-05	1.2116619086239345e-05	1.2116619086239345e-05	1.2116619086239345e-05
7.7	1.0346418488097088e-05	1.0346418488097088e-05	1.0346418488097088e-05	1.0346418488097088e-05
7.800000000000001	4.266812669679961e-06	4.266812669679961e-06	4.266812669679961e-06	4.266812669679961e-06
7.9	3.856194317082145e-06	3.856194317082145e-06	3.856194317082145e-06	3.856194317082145e-06
8.0	2.8501634928395426e-06	2.8501634928395426e-06	2.8501634928395426e-06	2.8501634928395426e-06
8.100000000000001	8.386439194165905e-07	8.386439194165905e-07	8.386439194165905e-07	8.386439194165905e-07
8.2	0.0	0.0	0.0	0.0
8.3	0.0	0.0	0.0	0.0
8.4	0.0	0.0	0.0	0.0
8.5	0.0	0.0	0.0	0.0
8.600000000000001	0.0	0.0	0.0	0.0
8.7	0.0	0.0	0.0	0.0
8.8	0.0	0.0	0.0	0.0
8.9	0.0	0.0	0.0	0.0
9.0	0.0	0.0	0.0	0.0
9.100000000000001	0.0	0.0	0.0	0.0
9.2	0.0	0.0	0.0	0.0
9.3	0.0	0.0	0.0	0.0
9.4	0.0	0.0	0.0	0.0
9.5	0.0	0.0	0.0	0.0
9.600000000000001	0.0	0.0	0.0	0.0
9.7	0.0	0.0	0.0	0.0
9.8	0.0	0.0	0.0	0.0
9.9	0.0	0.0	0.0	0.0
