4.0	0.005923132759582147	0.005923132759582147	0.005923132759582147	0.005923132759582147
4.1	0.005923132759582147	0.005923132759582147	0.005923132759582147	0.005923132759582147
4.2	0.005923132759582147	0.005923132759582147	0.005923132759582147	0.005923132759582147
4.3	0.005923132759582147	0.005923132759582147	0.005923132759582147	0.005923132759582147
4.4	0.005923132759582147	0.005923132759582147	0.005923132759582147	0.005923132759582147
4.5	0.005923132759582147	0.005923132759582147	0.005923132759582147	0.005923132759582147
4.6	0.005923132759582147	0.005923132759582147	0.005923132759582147	0.005923132759582147
4.7	0.005923132759582147	0.005923132759582147	0.005923132759582147	0.005923132759582147
4.8	0.005923132759582147	0.005923132759582147	0.005923132759582147	0.005923132759582147
4.9	0.005923132759582147	0.005923132759582147	0.005923132759582147	0.005923132759582147
5.0	0.005923132759582147	0.005923132759582147	0.005923132759582147	0.005923132759582147
5.1	0.005923132759582147	0.005923132759582147	0.005923132759582147	0.005923132759582147
5.2	0.005923132759582147	0.005923132759582147	0.005923132759582147	0.005923132759582147
5.3	0.005923132759582147	0.005923132759582147	0.005923132759582147	0.005923132759582147
5.4	0.005923132759582147	0.005923132759582147	0.005923132759582147	0.005923132759582147
5.5	0.005923132759582147	0.005923132759582147	0.005923132759582147	0.005923132759582147
5.6	0.005090183635467048	0.005090183635467048	0.005090183635467048	0.005090183635467048
5.7	0.004512535157729499	0.004512535157729499	0.004512535157729499	0.004512535157729499
5.8	0.004512535157729499	0.004512535157729499	0.004512535157729499	0.004512535157729499
5.9	0.004265245329704127	0.004265245329704127	0.004265245329704127	0.004265245329704127
6.0	0.003688802602346294	0.003688802602346294	0.003688802602346294	0.003688802602346294
6.1	0.0032565292806842347	0.0032565292806842347	0.0032565292806842347	0.0032565292806842347
6.2	0.0029740436722789573	0.0029740436722789573	0.0029740436722789573	0.0029740436722789573
6.300000000000001	0.0020998690209716093	0.0020998690209716093	0.0020998690209716093	0.0020998690209716093
6.4	0.0019089529895346682	0.0019089529895346682	0.0019089529895346682	0.0019089529895346682
6.5	0.0016690092194100992	0.0016690092194100992	0.0016690092194100992	0.0016690092194100992
6.6	0.0015292450835154134	0.0015292450835154134	0.0015292450835154134	0.0015292450835154134
6.7	0.0014204062553604868	0.0014204062553604868	0.0014204062553604868	0.0014204062553604868
6.800000000000001	0.0012063999457315097	0.0012063999457315097	0.0012063999457315097	0.0012063999457315097
6.9	0.0011372856978095994	0.0011372856978095994	0.0011372856978095994	0.0011372856978095994
7.0	0.0009640849613788807	0.0009640849613788807	0.0009640849613788807	0.0009640849613788807
7.1	0.0007087032903137086	0.0007087032903137086	0.0007087032903137086	0.0007087032903137086
7.2	0.0005895513065838129	0.0005895513065838129	0.0005895513065838129	0.0005895513065838129
7.300000000000001	0.00047887729013220705	0.00047887729013220705	0.00047887729013220705	0.00047887729013220705
7.4	0.000293763093790605	0.000293763093790605	0.000293763093790605	0.000293763093790605
7.5	0.00015580925294009693	0.00015580925294009693	0.00015580925294009693	0.00015580925294009693
7.6	3.815990286454486e-05	3.815990286454486e-05	3.815990286454486e-05	3.815990286454486e-05
7.7	0.0	0.0	0.0	0.0
7.800000000000001	0.0	0.0	0.0	0.0
7.9	0.0	0.0	0.0	0.0
8.0	0.0	0.0	0.0	0.0
8.100000000000001	0.0	0.0	0.0	0.0
8.2	0.0	0.0	0.0	0.0
8.3	0.0	0.0	0.0	0.0
8.4	0.0	0.0	0.0	0.0
8.5	0.0	0.0	0.0	0.0
8.600000000000001	0.0	0.0	0.0	0.0
8.7	0.0	0.0	0.0	0.0
8.8	0.0	0.0	0.0	0.0
8.9	0.0	0.0	0.0	0.0
9.0	0.0	0.0	0.0	0.0
9.100000000000001	0.0	0.0	0.0	0.0
9.2	0.0	0.0	0.0	0.0
9.3	0.0	0.0	0.0	0.0
9.4	0.0	0.0	0.0	0.0
9.5	0.0	0.0	0.0	0.0
9.600000000000001	0.0	0.0	0.0	0.0
9.7	0.0	0.0	0.0	0.0
9.8	0.0	0.0	0.0	0.0
9.9	0.0	0.0	0.0	0.0
