4.0	0.027867354651310863	0.027867354651310863	0.027867354651310863	0.027867354651310863
4.1	0.02786735465131087	0.02786735465131087	0.02786735465131087	0.02786735465131087
4.2	0.027867354651310863	0.027867354651310863	0.027867354651310863	0.027867354651310863
4.3	0.027867354651310863	0.027867354651310863	0.027867354651310863	0.027867354651310863
4.4	0.027867354651310863	0.027867354651310863	0.027867354651310863	0.027867354651310863
4.5	0.02786735465131087	0.02786735465131087	0.02786735465131087	0.02786735465131087
4.6	0.027867354651310863	0.027867354651310863	0.027867354651310863	0.027867354651310863
4.7	0.027867354651310863	0.027867354651310863	0.027867354651310863	0.027867354651310863
4.8	0.027867354651310863	0.027867354651310863	0.027867354651310863	0.027867354651310863
4.9	0.02786735465131087	0.02786735465131087	0.02786735465131087	0.02786735465131087
5.0	0.027867354651310863	0.027867354651310863	0.027867354651310863	0.027867354651310863
5.1	0.027867354651310863	0.027867354651310863	0.027867354651310863	0.027867354651310863
5.2	0.027867354651310863	0.027867354651310863	0.027867354651310863	0.027867354651310863
5.3	0.02786735465131087	0.02786735465131087	0.02786735465131087	0.02786735465131087
5.4	0.027867354651310863	0.027867354651310863	0.027867354651310863	0.027867354651310863
5.5	0.027867354651310863	0.027867354651310863	0.027867354651310863	0.027867354651310863
5.6	0.027867354651310863	0.027867354651310863	0.027867354651310863	0.027867354651310863
5.7	0.02786735465131087	0.02786735465131087	0.02786735465131087	0.02786735465131087
5.8	0.022766335328185137	0.022766335328185137	0.022766335328185137	0.022766335328185137
5.9	0.016916715124298327	0.016916715124298327	0.016916715124298327	0.016916715124298327
6.0	0.015268680995930923	0.015268680995930923	0.015268680995930923	0.015268680995930923
6.1	0.013010033036077931	0.013010033036077931	0.013010033036077931	0.013010033036077931
6.2	0.01156457912106828	0.01156457912106828	0.01156457912106828	0.01156457912106828
6.300000000000001	0.010410083422383263	0.010410083422383263	0.010410083422383263	0.010410083422383263
6.4	0.008823208172194098	0.008823208172194098	0.008823208172194098	0.008823208172194098
6.5	0.006106707006956998	0.006106707006956998	0.006106707006956998	0.006106707006956998
6.6	0.005319365205755828	0.005319365205755828	0.005319365205755828	0.005319365205755828
6.7	0.004705477128918971	0.004705477128918971	0.004705477128918971	0.004705477128918971
6.800000000000001	0.004302206142678778	0.004302206142678778	0.004302206142678778	0.004302206142678778
6.9	0.003939322040358658	0.003939322040358658	0.003939322040358658	0.003939322040358658
7.0	0.002503278653211715	0.002503278653211715	0.002503278653211715	0.002503278653211715
7.1	0.0021128933303337853	0.0021128933303337853	0.0021128933303337853	0.0021128933303337853
7.2	0.0016862053042300484	0.0016862053042300484	0.0016862053042300484	0.0016862053042300484
7.300000000000001	0.0012294040417796036	0.0012294040417796036	0.0012294040417796036	0.0012294040417796036
7.4	0.0009814619667158726	0.0009814619667158726	0.0009814619667158726	0.0009814619667158726
7.5	0.000531789538217025	0.000531789538217025	0.000531789538217025	0.000531789538217025
7.6	0.00032764935907036844	0.00032764935907036844	0.00032764935907036844	0.00032764935907036844
7.7	0.00024476551974106744	0.00024476551974106744	0.00024476551974106744	0.00024476551974106744
7.800000000000001	0.0	0.0	0.0	0.0
7.9	0.0	0.0	0.0	0.0
8.0	0.0	0.0	0.0	0.0
8.100000000000001	0.0	0.0	0.0	0.0
8.2	0.0	0.0	0.0	0.0
8.3	0.0	0.0	0.0	0.0
8.4	0.0	0.0	0.0	0.0
8.5	0.0	0.0	0.0	0.0
8.600000000000001	0.0	0.0	0.0	0.0
8.7	0.0	0.0	0.0	0.0
8.8	0.0	0.0	0.0	0.0
8.9	0.0	0.0	0.0	0.0
9.0	0.0	0.0	0.0	0.0
9.100000000000001	0.0	0.0	0.0	0.0
9.2	0.0	0.0	0.0	0.0
9.3	0.0	0.0	0.0	0.0
9.4	0.0	0.0	0.0	0.0
9.5	0.0	0.0	0.0	0.0
9.600000000000001	0.0	0.0	0.0	0.0
9.7	0.0	0.0	0.0	0.0
9.8	0.0	0.0	0.0	0.0
9.9	0.0	0.0	0.0	0.0
