4.0	0.01357699107446006	0.01357699107446006	0.01357699107446006	0.01357699107446006
4.1	0.01357699107446006	0.01357699107446006	0.01357699107446006	0.01357699107446006
4.2	0.01357699107446006	0.01357699107446006	0.01357699107446006	0.01357699107446006
4.3	0.01357699107446006	0.01357699107446006	0.01357699107446006	0.01357699107446006
4.4	0.01357699107446006	0.01357699107446006	0.01357699107446006	0.01357699107446006
4.5	0.01357699107446006	0.01357699107446006	0.01357699107446006	0.01357699107446006
4.6	0.01357699107446006	0.01357699107446006	0.01357699107446006	0.01357699107446006
4.7	0.01357699107446006	0.01357699107446006	0.01357699107446006	0.01357699107446006
4.8	0.01357699107446006	0.01357699107446006	0.01357699107446006	0.01357699107446006
4.9	0.01357699107446006	0.01357699107446006	0.01357699107446006	0.01357699107446006
5.0	0.01357699107446006	0.01357699107446006	0.01357699107446006	0.01357699107446006
5.1	0.01357699107446006	0.01357699107446006	0.01357699107446006	0.01357699107446006
5.2	0.01357699107446006	0.01357699107446006	0.01357699107446006	0.01357699107446006
5.3	0.01357699107446006	0.01357699107446006	0.01357699107446006	0.01357699107446006
5.4	0.01357699107446006	0.01357699107446006	0.01357699107446006	0.01357699107446006
5.5	0.01357699107446006	0.01357699107446006	0.01357699107446006	0.01357699107446006
5.6	0.009548709521565724	0.009548709521565724	0.009548709521565724	0.009548709521565724
5.7	0.007693900267797969	0.007693900267797969	0.007693900267797969	0.007693900267797969
5.8	0.00595377005720629	0.00595377005720629	0.00595377005720629	0.00595377005720629
5.9	0.004918354443581152	0.004918354443581152	0.004918354443581152	0.004918354443581152
6.0	0.004918354443581152	0.004918354443581152	0.004918354443581152	0.004918354443581152
6.1	0.0049155075039813406	0.0049155075039813406	0.0049155075039813406	0.0049155075039813406
6.2	0.003660518283342616	0.003660518283342616	0.003660518283342616	0.003660518283342616
6.300000000000001	0.0030777008714686672	0.0030777008714686672	0.0030777008714686672	0.0030777008714686672
6.4	0.0026010391469994567	0.0026010391469994567	0.0026010391469994567	0.0026010391469994567
6.5	0.002303466042219963	0.002303466042219963	0.002303466042219963	0.002303466042219963
6.6	0.0018757378582812075	0.0018757378582812075	0.0018757378582812075	0.0018757378582812075
6.7	0.0017913330070234664	0.0017913330070234664	0.0017913330070234664	0.0017913330070234664
6.800000000000001	0.0016192118397970324	0.0016192118397970324	0.0016192118397970324	0.0016192118397970324
6.9	0.0013053675425129902	0.0013053675425129902	0.0013053675425129902	0.0013053675425129902
7.0	0.0012488551357888735	0.0012488551357888735	0.0012488551357888735	0.0012488551357888735
7.1	0.0010704016114718076	0.0010704016114718076	0.0010704016114718076	0.0010704016114718076
7.2	0.0009649905438041824	0.0009649905438041824	0.0009649905438041824	0.0009649905438041824
7.300000000000001	0.0008246946331207078	0.0008246946331207078	0.0008246946331207078	0.0008246946331207078
7.4	0.0006944263398277558	0.0006944263398277558	0.0006944263398277558	0.0006944263398277558
7.5	0.0005888293099380666	0.0005888293099380666	0.0005888293099380666	0.0005888293099380666
7.6	0.00042230952293093586	0.00042230952293093586	0.00042230952293093586	0.00042230952293093586
7.7	0.0003039788987002453	0.0003039788987002453	0.0003039788987002453	0.0003039788987002453
7.800000000000001	0.00019660235184404949	0.00019660235184404949	0.00019660235184404949	0.00019660235184404949
7.9	0.0001344663418950751	0.0001344663418950751	0.0001344663418950751	0.0001344663418950751
8.0	8.935890644709472e-05	8.935890644709472e-05	8.935890644709472e-05	8.935890644709472e-05
8.100000000000001	3.3726990444349124e-05	3.3726990444349124e-05	3.3726990444349124e-05	3.3726990444349124e-05
8.2	0.0	0.0	0.0	0.0
8.3	0.0	0.0	0.0	0.0
8.4	0.0	0.0	0.0	0.0
8.5	0.0	0.0	0.0	0.0
8.600000000000001	0.0	0.0	0.0	0.0
8.7	0.0	0.0	0.0	0.0
8.8	0.0	0.0	0.0	0.0
8.9	0.0	0.0	0.0	0.0
9.0	0.0	0.0	0.0	0.0
9.100000000000001	0.0	0.0	0.0	0.0
9.2	0.0	0.0	0.0	0.0
9.3	0.0	0.0	0.0	0.0
9.4	0.0	0.0	0.0	0.0
9.5	0.0	0.0	0.0	0.0
9.600000000000001	0.0	0.0	0.0	0.0
9.7	0.0	0.0	0.0	0.0
9.8	0.0	0.0	0.0	0.0
9.9	0.0	0.0	0.0	0.0
