4.0	0.025337540993727252	0.025337540993727252	0.025337540993727252	0.025337540993727252
4.1	0.025337540993727255	0.025337540993727255	0.025337540993727255	0.025337540993727255
4.2	0.025337540993727252	0.025337540993727252	0.025337540993727252	0.025337540993727252
4.3	0.025337540993727255	0.025337540993727255	0.025337540993727255	0.025337540993727255
4.4	0.025337540993727252	0.025337540993727252	0.025337540993727252	0.025337540993727252
4.5	0.025337540993727255	0.025337540993727255	0.025337540993727255	0.025337540993727255
4.6	0.025337540993727252	0.025337540993727252	0.025337540993727252	0.025337540993727252
4.7	0.025337540993727255	0.025337540993727255	0.025337540993727255	0.025337540993727255
4.8	0.025337540993727252	0.025337540993727252	0.025337540993727252	0.025337540993727252
4.9	0.025337540993727255	0.025337540993727255	0.025337540993727255	0.025337540993727255
5.0	0.025337540993727252	0.025337540993727252	0.025337540993727252	0.025337540993727252
5.1	0.025337540993727255	0.025337540993727255	0.025337540993727255	0.025337540993727255
5.2	0.025337540993727252	0.025337540993727252	0.025337540993727252	0.025337540993727252
5.3	0.025337540993727255	0.025337540993727255	0.025337540993727255	0.025337540993727255
5.4	0.025337540993727252	0.025337540993727252	0.025337540993727252	0.025337540993727252
5.5	0.025337540993727255	0.025337540993727255	0.025337540993727255	0.025337540993727255
5.6	0.01563303479208306	0.01563303479208306	0.01563303479208306	0.01563303479208306
5.7	0.005715957693584774	0.005715957693584774	0.005715957693584774	0.005715957693584774
5.8	0.005715957693584773	0.005715957693584773	0.005715957693584773	0.005715957693584773
5.9	0.0039943133254629415	0.0039943133254629415	0.0039943133254629415	0.0039943133254629415
6.0	0.0020229868706158286	0.0020229868706158286	0.0020229868706158286	0.0020229868706158286
6.1	0.0020229868706158286	0.0020229868706158286	0.0020229868706158286	0.0020229868706158286
6.2	0.0020229868706158286	0.0020229868706158286	0.0020229868706158286	0.0020229868706158286
6.300000000000001	0.0014965168550125122	0.0014965168550125122	0.0014965168550125122	0.0014965168550125122
6.4	0.0013873654167682848	0.0013873654167682848	0.0013873654167682848	0.0013873654167682848
6.5	0.0008822618911273894	0.0008822618911273894	0.0008822618911273894	0.0008822618911273894
6.6	0.0006554350068685962	0.0006554350068685962	0.0006554350068685962	0.0006554350068685962
6.7	0.0005779782233822895	0.0005779782233822895	0.0005779782233822895	0.0005779782233822895
6.800000000000001	0.00046028315279654405	0.00046028315279654405	0.00046028315279654405	0.00046028315279654405
6.9	0.00035802466712712435	0.00035802466712712435	0.00035802466712712435	0.00035802466712712435
7.0	0.0002698789217946891	0.0002698789217946891	0.0002698789217946891	0.0002698789217946891
7.1	0.00025184628654646994	0.00025184628654646994	0.00025184628654646994	0.00025184628654646994
7.2	0.00021086029631362077	0.00021086029631362077	0.00021086029631362077	0.00021086029631362077
7.300000000000001	0.00020075231264414056	0.00020075231264414056	0.00020075231264414056	0.00020075231264414056
7.4	0.00019899470130621682	0.00019899470130621682	0.00019899470130621682	0.00019899470130621682
7.5	0.00016996118543661023	0.00016996118543661023	0.00016996118543661023	0.00016996118543661023
7.6	0.00014955384566491317	0.00014955384566491317	0.00014955384566491317	0.00014955384566491317
7.7	0.00014659163149503384	0.00014659163149503384	0.00014659163149503384	0.00014659163149503384
7.800000000000001	0.00010779203123842046	0.00010779203123842046	0.00010779203123842046	0.00010779203123842046
7.9	8.780514341197669e-05	8.780514341197669e-05	8.780514341197669e-05	8.780514341197669e-05
8.0	6.23110956266254e-05	6.23110956266254e-05	6.23110956266254e-05	6.23110956266254e-05
8.100000000000001	5.387040621893772e-05	5.387040621893772e-05	5.387040621893772e-05	5.387040621893772e-05
8.2	0.0	0.0	0.0	0.0
8.3	0.0	0.0	0.0	0.0
8.4	0.0	0.0	0.0	0.0
8.5	0.0	0.0	0.0	0.0
8.600000000000001	0.0	0.0	0.0	0.0
8.7	0.0	0.0	0.0	0.0
8.8	0.0	0.0	0.0	0.0
8.9	0.0	0.0	0.0	0.0
9.0	0.0	0.0	0.0	0.0
9.100000000000001	0.0	0.0	0.0	0.0
9.2	0.0	0.0	0.0	0.0
9.3	0.0	0.0	0.0	0.0
9.4	0.0	0.0	0.0	0.0
9.5	0.0	0.0	0.0	0.0
9.600000000000001	0.0	0.0	0.0	0.0
9.7	0.0	0.0	0.0	0.0
9.8	0.0	0.0	0.0	0.0
9.9	0.0	0.0	0.0	0.0
