4.0	0.013722069584212824	0.013722069584212824	0.013722069584212824	0.013722069584212824
4.1	0.013722069584212824	0.013722069584212824	0.013722069584212824	0.013722069584212824
4.2	0.013722069584212826	0.013722069584212826	0.013722069584212826	0.013722069584212826
4.3	0.013722069584212824	0.013722069584212824	0.013722069584212824	0.013722069584212824
4.4	0.013722069584212824	0.013722069584212824	0.013722069584212824	0.013722069584212824
4.5	0.013722069584212824	0.013722069584212824	0.013722069584212824	0.013722069584212824
4.6	0.013722069584212826	0.013722069584212826	0.013722069584212826	0.013722069584212826
4.7	0.013722069584212824	0.013722069584212824	0.013722069584212824	0.013722069584212824
4.8	0.013722069584212824	0.013722069584212824	0.013722069584212824	0.013722069584212824
4.9	0.013722069584212824	0.013722069584212824	0.013722069584212824	0.013722069584212824
5.0	0.013722069584212826	0.013722069584212826	0.013722069584212826	0.013722069584212826
5.1	0.013722069584212824	0.013722069584212824	0.013722069584212824	0.013722069584212824
5.2	0.013722069584212824	0.013722069584212824	0.013722069584212824	0.013722069584212824
5.3	0.013722069584212824	0.013722069584212824	0.013722069584212824	0.013722069584212824
5.4	0.013722069584212826	0.013722069584212826	0.013722069584212826	0.013722069584212826
5.5	0.013722069584212824	0.013722069584212824	0.013722069584212824	0.013722069584212824
5.6	0.013722069584212824	0.013722069584212824	0.013722069584212824	0.013722069584212824
5.7	0.005489734764986174	0.005489734764986174	0.005489734764986174	0.005489734764986174
5.8	0.005405270319610662	0.005405270319610662	0.005405270319610662	0.005405270319610662
5.9	0.004514306223904991	0.004514306223904991	0.004514306223904991	0.004514306223904991
6.0	0.00451430622390499	0.00451430622390499	0.00451430622390499	0.00451430622390499
6.1	0.003765078320569511	0.003765078320569511	0.003765078320569511	0.003765078320569511
6.2	0.0037014287922843923	0.0037014287922843923	0.0037014287922843923	0.0037014287922843923
6.300000000000001	0.0033619736642373113	0.0033619736642373113	0.0033619736642373113	0.0033619736642373113
6.4	0.002870708566792658	0.002870708566792658	0.002870708566792658	0.002870708566792658
6.5	0.002870708566792658	0.002870708566792658	0.002870708566792658	0.002870708566792658
6.6	0.002571732244091189	0.002571732244091189	0.002571732244091189	0.002571732244091189
6.7	0.002389124455843428	0.002389124455843428	0.002389124455843428	0.002389124455843428
6.800000000000001	0.002063050162615173	0.002063050162615173	0.002063050162615173	0.002063050162615173
6.9	0.0016100067374131177	0.0016100067374131177	0.0016100067374131177	0.0016100067374131177
7.0	0.0016029849307909972	0.0016029849307909972	0.0016029849307909972	0.0016029849307909972
7.1	0.0014956636981285055	0.0014956636981285055	0.0014956636981285055	0.0014956636981285055
7.2	0.0013764000462641239	0.0013764000462641239	0.0013764000462641239	0.0013764000462641239
7.300000000000001	0.0010286531728978523	0.0010286531728978523	0.0010286531728978523	0.0010286531728978523
7.4	0.0009742807486123633	0.0009742807486123633	0.0009742807486123633	0.0009742807486123633
7.5	0.0008574384711590466	0.0008574384711590466	0.0008574384711590466	0.0008574384711590466
7.6	0.0007658003247413138	0.0007658003247413138	0.0007658003247413138	0.0007658003247413138
7.7	0.0006290499431311795	0.0006290499431311795	0.0006290499431311795	0.0006290499431311795
7.800000000000001	0.0004823280739053874	0.0004823280739053874	0.0004823280739053874	0.0004823280739053874
7.9	0.0003836537846144608	0.0003836537846144608	0.0003836537846144608	0.0003836537846144608
8.0	0.00025946709642420395	0.00025946709642420395	0.00025946709642420395	0.00025946709642420395
8.100000000000001	0.00016567880949912208	0.00016567880949912208	0.00016567880949912208	0.00016567880949912208
8.2	9.638748510093566e-05	9.638748510093566e-05	9.638748510093566e-05	9.638748510093566e-05
8.3	4.155363131866317e-05	4.155363131866317e-05	4.155363131866317e-05	4.155363131866317e-05
8.4	0.0	0.0	0.0	0.0
8.5	0.0	0.0	0.0	0.0
8.600000000000001	0.0	0.0	0.0	0.0
8.7	0.0	0.0	0.0	0.0
8.8	0.0	0.0	0.0	0.0
8.9	0.0	0.0	0.0	0.0
9.0	0.0	0.0	0.0	0.0
9.100000000000001	0.0	0.0	0.0	0.0
9.2	0.0	0.0	0.0	0.0
9.3	0.0	0.0	0.0	0.0
9.4	0.0	0.0	0.0	0.0
9.5	0.0	0.0	0.0	0.0
9.600000000000001	0.0	0.0	0.0	0.0
9.7	0.0	0.0	0.0	0.0
9.8	0.0	0.0	0.0	0.0
9.9	0.0	0.0	0.0	0.0
