4.0	0.012890459820900589	0.012890459820900589	0.012890459820900589	0.012890459820900589
4.1	0.01289045982090059	0.01289045982090059	0.01289045982090059	0.01289045982090059
4.2	0.012890459820900589	0.012890459820900589	0.012890459820900589	0.012890459820900589
4.3	0.01289045982090059	0.01289045982090059	0.01289045982090059	0.01289045982090059
4.4	0.012890459820900589	0.012890459820900589	0.012890459820900589	0.012890459820900589
4.5	0.01289045982090059	0.01289045982090059	0.01289045982090059	0.01289045982090059
4.6	0.012890459820900589	0.012890459820900589	0.012890459820900589	0.012890459820900589
4.7	0.01289045982090059	0.01289045982090059	0.01289045982090059	0.01289045982090059
4.8	0.012890459820900589	0.012890459820900589	0.012890459820900589	0.012890459820900589
4.9	0.01289045982090059	0.01289045982090059	0.01289045982090059	0.01289045982090059
5.0	0.012890459820900589	0.012890459820900589	0.012890459820900589	0.012890459820900589
5.1	0.01289045982090059	0.01289045982090059	0.01289045982090059	0.01289045982090059
5.2	0.012890459820900589	0.012890459820900589	0.012890459820900589	0.012890459820900589
5.3	0.01289045982090059	0.01289045982090059	0.01289045982090059	0.01289045982090059
5.4	0.012890459820900589	0.012890459820900589	0.012890459820900589	0.012890459820900589
5.5	0.01289045982090059	0.01289045982090059	0.01289045982090059	0.01289045982090059
5.6	0.010509461546438706	0.010509461546438706	0.010509461546438706	0.010509461546438706
5.7	0.00912539931389473	0.00912539931389473	0.00912539931389473	0.00912539931389473
5.8	0.00912539931389473	0.00912539931389473	0.00912539931389473	0.00912539931389473
5.9	0.00912539931389473	0.00912539931389473	0.00912539931389473	0.00912539931389473
6.0	0.008642545957199292	0.008642545957199292	0.008642545957199292	0.008642545957199292
6.1	0.006612906592006449	0.006612906592006449	0.006612906592006449	0.006612906592006449
6.2	0.006093156724972606	0.006093156724972606	0.006093156724972606	0.006093156724972606
6.300000000000001	0.0052404362458310086	0.0052404362458310086	0.0052404362458310086	0.0052404362458310086
6.4	0.0044010731410456475	0.0044010731410456475	0.0044010731410456475	0.0044010731410456475
6.5	0.0044010731410456475	0.0044010731410456475	0.0044010731410456475	0.0044010731410456475
6.6	0.004163794129711602	0.004163794129711602	0.004163794129711602	0.004163794129711602
6.7	0.004027047573943849	0.004027047573943849	0.004027047573943849	0.004027047573943849
6.800000000000001	0.004027047573943849	0.004027047573943849	0.004027047573943849	0.004027047573943849
6.9	0.0036493883217875674	0.0036493883217875674	0.0036493883217875674	0.0036493883217875674
7.0	0.0026925325078324303	0.0026925325078324303	0.0026925325078324303	0.0026925325078324303
7.1	0.00238540350556352	0.00238540350556352	0.00238540350556352	0.00238540350556352
7.2	0.002181778955221222	0.002181778955221222	0.002181778955221222	0.002181778955221222
7.300000000000001	0.0019821005734560293	0.0019821005734560293	0.0019821005734560293	0.0019821005734560293
7.4	0.0017000979034761147	0.0017000979034761147	0.0017000979034761147	0.0017000979034761147
7.5	0.0015071015417521723	0.0015071015417521723	0.0015071015417521723	0.0015071015417521723
7.6	0.0009172990683152994	0.0009172990683152994	0.0009172990683152994	0.0009172990683152994
7.7	0.0004925064459480992	0.0004925064459480992	0.0004925064459480992	0.0004925064459480992
7.800000000000001	0.00010445188273270843	0.00010445188273270843	0.00010445188273270843	0.00010445188273270843
7.9	3.0991820123856456e-05	3.0991820123856456e-05	3.0991820123856456e-05	3.0991820123856456e-05
8.0	0.0	0.0	0.0	0.0
8.100000000000001	0.0	0.0	0.0	0.0
8.2	0.0	0.0	0.0	0.0
8.3	0.0	0.0	0.0	0.0
8.4	0.0	0.0	0.0	0.0
8.5	0.0	0.0	0.0	0.0
8.600000000000001	0.0	0.0	0.0	0.0
8.7	0.0	0.0	0.0	0.0
8.8	0.0	0.0	0.0	0.0
8.9	0.0	0.0	0.0	0.0
9.0	0.0	0.0	0.0	0.0
9.100000000000001	0.0	0.0	0.0	0.0
9.2	0.0	0.0	0.0	0.0
9.3	0.0	0.0	0.0	0.0
9.4	0.0	0.0	0.0	0.0
9.5	0.0	0.0	0.0	0.0
9.600000000000001	0.0	0.0	0.0	0.0
9.7	0.0	0.0	0.0	0.0
9.8	0.0	0.0	0.0	0.0
9.9	0.0	0.0	0.0	0.0
