4.0	0.011514654266063837	0.011514654266063837	0.011514654266063837	0.011514654266063837
4.1	0.011514654266063837	0.011514654266063837	0.011514654266063837	0.011514654266063837
4.2	0.011514654266063837	0.011514654266063837	0.011514654266063837	0.011514654266063837
4.3	0.011514654266063837	0.011514654266063837	0.011514654266063837	0.011514654266063837
4.4	0.011514654266063837	0.011514654266063837	0.011514654266063837	0.011514654266063837
4.5	0.011514654266063837	0.011514654266063837	0.011514654266063837	0.011514654266063837
4.6	0.011514654266063837	0.011514654266063837	0.011514654266063837	0.011514654266063837
4.7	0.011514654266063837	0.011514654266063837	0.011514654266063837	0.011514654266063837
4.8	0.011514654266063837	0.011514654266063837	0.011514654266063837	0.011514654266063837
4.9	0.011514654266063837	0.011514654266063837	0.011514654266063837	0.011514654266063837
5.0	0.011514654266063837	0.011514654266063837	0.011514654266063837	0.011514654266063837
5.1	0.011514654266063837	0.011514654266063837	0.011514654266063837	0.011514654266063837
5.2	0.011514654266063837	0.011514654266063837	0.011514654266063837	0.011514654266063837
5.3	0.011514654266063837	0.011514654266063837	0.011514654266063837	0.011514654266063837
5.4	0.011514654266063837	0.011514654266063837	0.011514654266063837	0.011514654266063837
5.5	0.011514654266063837	0.011514654266063837	0.011514654266063837	0.011514654266063837
5.6	0.009407019689902919	0.009407019689902919	0.009407019689902919	0.009407019689902919
5.7	0.007631945898319112	0.007631945898319112	0.007631945898319112	0.007631945898319112
5.8	0.004681536141057525	0.004681536141057525	0.004681536141057525	0.004681536141057525
5.9	0.0033083894684649176	0.0033083894684649176	0.0033083894684649176	0.0033083894684649176
6.0	0.0033083894684649176	0.0033083894684649176	0.0033083894684649176	0.0033083894684649176
6.1	0.0014214838721950283	0.0014214838721950283	0.0014214838721950283	0.0014214838721950283
6.2	0.0013071151339749845	0.0013071151339749845	0.0013071151339749845	0.0013071151339749845
6.300000000000001	0.0011079366433979802	0.0011079366433979802	0.0011079366433979802	0.0011079366433979802
6.4	0.0011079366433979802	0.0011079366433979802	0.0011079366433979802	0.0011079366433979802
6.5	0.0009529227256105361	0.0009529227256105361	0.0009529227256105361	0.0009529227256105361
6.6	0.0008713348416009775	0.0008713348416009775	0.0008713348416009775	0.0008713348416009775
6.7	0.0008444887380535712	0.0008444887380535712	0.0008444887380535712	0.0008444887380535712
6.800000000000001	0.000832106310919607	0.000832106310919607	0.000832106310919607	0.000832106310919607
6.9	0.0008066234996116603	0.0008066234996116603	0.0008066234996116603	0.0008066234996116603
7.0	0.0007558650984649032	0.0007558650984649032	0.0007558650984649032	0.0007558650984649032
7.1	0.0006990494185852396	0.0006990494185852396	0.0006990494185852396	0.0006990494185852396
7.2	0.0005677994447241193	0.0005677994447241193	0.0005677994447241193	0.0005677994447241193
7.300000000000001	0.0005443412580233798	0.0005443412580233798	0.0005443412580233798	0.0005443412580233798
7.4	0.0004843117539066476	0.0004843117539066476	0.0004843117539066476	0.0004843117539066476
7.5	0.0003620305449884804	0.0003620305449884804	0.0003620305449884804	0.0003620305449884804
7.6	0.00027933413892672473	0.00027933413892672473	0.00027933413892672473	0.00027933413892672473
7.7	0.0001232630392325239	0.0001232630392325239	0.0001232630392325239	0.0001232630392325239
7.800000000000001	0.0	0.0	0.0	0.0
7.9	0.0	0.0	0.0	0.0
8.0	0.0	0.0	0.0	0.0
8.100000000000001	0.0	0.0	0.0	0.0
8.2	0.0	0.0	0.0	0.0
8.3	0.0	0.0	0.0	0.0
8.4	0.0	0.0	0.0	0.0
8.5	0.0	0.0	0.0	0.0
8.600000000000001	0.0	0.0	0.0	0.0
8.7	0.0	0.0	0.0	0.0
8.8	0.0	0.0	0.0	0.0
8.9	0.0	0.0	0.0	0.0
9.0	0.0	0.0	0.0	0.0
9.100000000000001	0.0	0.0	0.0	0.0
9.2	0.0	0.0	0.0	0.0
9.3	0.0	0.0	0.0	0.0
9.4	0.0	0.0	0.0	0.0
9.5	0.0	0.0	0.0	0.0
9.600000000000001	0.0	0.0	0.0	0.0
9.7	0.0	0.0	0.0	0.0
9.8	0.0	0.0	0.0	0.0
9.9	0.0	0.0	0.0	0.0
