4.0	0.004751430412581484	0.004751430412581484	0.004751430412581484	0.004751430412581484
4.1	0.004751430412581484	0.004751430412581484	0.004751430412581484	0.004751430412581484
4.2	0.004751430412581484	0.004751430412581484	0.004751430412581484	0.004751430412581484
4.3	0.004751430412581484	0.004751430412581484	0.004751430412581484	0.004751430412581484
4.4	0.004751430412581484	0.004751430412581484	0.004751430412581484	0.004751430412581484
4.5	0.004751430412581484	0.004751430412581484	0.004751430412581484	0.004751430412581484
4.6	0.004751430412581484	0.004751430412581484	0.004751430412581484	0.004751430412581484
4.7	0.004751430412581484	0.004751430412581484	0.004751430412581484	0.004751430412581484
4.8	0.004751430412581484	0.004751430412581484	0.004751430412581484	0.004751430412581484
4.9	0.004751430412581484	0.004751430412581484	0.004751430412581484	0.004751430412581484
5.0	0.004751430412581484	0.004751430412581484	0.004751430412581484	0.004751430412581484
5.1	0.004751430412581484	0.004751430412581484	0.004751430412581484	0.004751430412581484
5.2	0.004751430412581484	0.004751430412581484	0.004751430412581484	0.004751430412581484
5.3	0.004751430412581484	0.004751430412581484	0.004751430412581484	0.004751430412581484
5.4	0.004751430412581484	0.004751430412581484	0.004751430412581484	0.004751430412581484
5.5	0.004751430412581484	0.004751430412581484	0.004751430412581484	0.004751430412581484
5.6	0.004717415157851681	0.004717415157851681	0.004717415157851681	0.004717415157851681
5.7	0.0029193704289448433	0.0029193704289448433	0.0029193704289448433	0.0029193704289448433
5.8	0.00220335394934025	0.00220335394934025	0.00220335394934025	0.00220335394934025
5.9	0.00220335394934025	0.00220335394934025	0.00220335394934025	0.00220335394934025
6.0	0.0019185457599398055	0.0019185457599398055	0.0019185457599398055	0.0019185457599398055
6.1	0.0018580571328265679	0.0018580571328265679	0.0018580571328265679	0.0018580571328265679
6.2	0.001583992053991364	0.001583992053991364	0.001583992053991364	0.001583992053991364
6.300000000000001	0.0015395284000477977	0.0015395284000477977	0.0015395284000477977	0.0015395284000477977
6.4	0.0014129015687506079	0.0014129015687506079	0.0014129015687506079	0.0014129015687506079
6.5	0.001282232685683118	0.001282232685683118	0.001282232685683118	0.001282232685683118
6.6	0.0012801455449756966	0.0012801455449756966	0.0012801455449756966	0.0012801455449756966
6.7	0.001116133891334563	0.001116133891334563	0.001116133891334563	0.001116133891334563
6.800000000000001	0.0010362946314393386	0.0010362946314393386	0.0010362946314393386	0.0010362946314393386
6.9	0.0009198792936759352	0.0009198792936759352	0.0009198792936759352	0.0009198792936759352
7.0	0.0007902790453518726	0.0007902790453518726	0.0007902790453518726	0.0007902790453518726
7.1	0.0007745818927150101	0.0007745818927150101	0.0007745818927150101	0.0007745818927150101
7.2	0.0006895309128837948	0.0006895309128837948	0.0006895309128837948	0.0006895309128837948
7.300000000000001	0.0006134182294938405	0.0006134182294938405	0.0006134182294938405	0.0006134182294938405
7.4	0.0005583725056973321	0.0005583725056973321	0.0005583725056973321	0.0005583725056973321
7.5	0.00044085354271350603	0.00044085354271350603	0.00044085354271350603	0.00044085354271350603
7.6	0.00038581624619980065	0.00038581624619980065	0.00038581624619980065	0.00038581624619980065
7.7	0.0003111291863328713	0.0003111291863328713	0.0003111291863328713	0.0003111291863328713
7.800000000000001	0.00029576591905611054	0.00029576591905611054	0.00029576591905611054	0.00029576591905611054
7.9	0.00021970148566865	0.00021970148566865	0.00021970148566865	0.00021970148566865
8.0	0.00011685724874567981	0.00011685724874567981	0.00011685724874567981	0.00011685724874567981
8.100000000000001	0.0	0.0	0.0	0.0
8.2	0.0	0.0	0.0	0.0
8.3	0.0	0.0	0.0	0.0
8.4	0.0	0.0	0.0	0.0
8.5	0.0	0.0	0.0	0.0
8.600000000000001	0.0	0.0	0.0	0.0
8.7	0.0	0.0	0.0	0.0
8.8	0.0	0.0	0.0	0.0
8.9	0.0	0.0	0.0	0.0
9.0	0.0	0.0	0.0	0.0
9.100000000000001	0.0	0.0	0.0	0.0
9.2	0.0	0.0	0.0	0.0
9.3	0.0	0.0	0.0	0.0
9.4	0.0	0.0	0.0	0.0
9.5	0.0	0.0	0.0	0.0
9.600000000000001	0.0	0.0	0.0	0.0
9.7	0.0	0.0	0.0	0.0
9.8	0.0	0.0	0.0	0.0
9.9	0.0	0.0	0.0	0.0
