4.0	0.00808907545040013	0.00808907545040013	0.00808907545040013	0.00808907545040013
4.1	0.00808907545040013	0.00808907545040013	0.00808907545040013	0.00808907545040013
4.2	0.00808907545040013	0.00808907545040013	0.00808907545040013	0.00808907545040013
4.3	0.00808907545040013	0.00808907545040013	0.00808907545040013	0.00808907545040013
4.4	0.00808907545040013	0.00808907545040013	0.00808907545040013	0.00808907545040013
4.5	0.00808907545040013	0.00808907545040013	0.00808907545040013	0.00808907545040013
4.6	0.00808907545040013	0.00808907545040013	0.00808907545040013	0.00808907545040013
4.7	0.00808907545040013	0.00808907545040013	0.00808907545040013	0.00808907545040013
4.8	0.00808907545040013	0.00808907545040013	0.00808907545040013	0.00808907545040013
4.9	0.00808907545040013	0.00808907545040013	0.00808907545040013	0.00808907545040013
5.0	0.00808907545040013	0.00808907545040013	0.00808907545040013	0.00808907545040013
5.1	0.00808907545040013	0.00808907545040013	0.00808907545040013	0.00808907545040013
5.2	0.00808907545040013	0.00808907545040013	0.00808907545040013	0.00808907545040013
5.3	0.00808907545040013	0.00808907545040013	0.00808907545040013	0.00808907545040013
5.4	0.00808907545040013	0.00808907545040013	0.00808907545040013	0.00808907545040013
5.5	0.00808907545040013	0.00808907545040013	0.00808907545040013	0.00808907545040013
5.6	0.005988795424993119	0.005988795424993119	0.005988795424993119	0.005988795424993119
5.7	0.0047660671338973495	0.0047660671338973495	0.0047660671338973495	0.0047660671338973495
5.8	0.003421169008132767	0.003421169008132767	0.003421169008132767	0.003421169008132767
5.9	0.003405666686540835	0.003405666686540835	0.003405666686540835	0.003405666686540835
6.0	0.002496317664354408	0.002496317664354408	0.002496317664354408	0.002496317664354408
6.1	0.0024691241844972955	0.0024691241844972955	0.0024691241844972955	0.0024691241844972955
6.2	0.0023806759454141355	0.0023806759454141355	0.0023806759454141355	0.0023806759454141355
6.300000000000001	0.0020693325042717143	0.0020693325042717143	0.0020693325042717143	0.0020693325042717143
6.4	0.0020151801077883487	0.0020151801077883487	0.0020151801077883487	0.0020151801077883487
6.5	0.0018988095792793888	0.0018988095792793888	0.0018988095792793888	0.0018988095792793888
6.6	0.0014060632095011462	0.0014060632095011462	0.0014060632095011462	0.0014060632095011462
6.7	0.0012973259612652263	0.0012973259612652263	0.0012973259612652263	0.0012973259612652263
6.800000000000001	0.0011408128341330046	0.0011408128341330046	0.0011408128341330046	0.0011408128341330046
6.9	0.0010403577025474072	0.0010403577025474072	0.0010403577025474072	0.0010403577025474072
7.0	0.000739202840959913	0.000739202840959913	0.000739202840959913	0.000739202840959913
7.1	0.000559889391858709	0.000559889391858709	0.000559889391858709	0.000559889391858709
7.2	0.00038637463364952183	0.00038637463364952183	0.00038637463364952183	0.00038637463364952183
7.300000000000001	0.00029209969309311966	0.00029209969309311966	0.00029209969309311966	0.00029209969309311966
7.4	0.0002502333427333666	0.0002502333427333666	0.0002502333427333666	0.0002502333427333666
7.5	0.00014522730573963334	0.00014522730573963334	0.00014522730573963334	0.00014522730573963334
7.6	9.718448697980893e-05	9.718448697980893e-05	9.718448697980893e-05	9.718448697980893e-05
7.7	5.800926068320436e-05	5.800926068320436e-05	5.800926068320436e-05	5.800926068320436e-05
7.800000000000001	2.84072548293428e-05	2.84072548293428e-05	2.84072548293428e-05	2.84072548293428e-05
7.9	7.0786174235247145e-06	7.0786174235247145e-06	7.0786174235247145e-06	7.0786174235247145e-06
8.0	0.0	0.0	0.0	0.0
8.100000000000001	0.0	0.0	0.0	0.0
8.2	0.0	0.0	0.0	0.0
8.3	0.0	0.0	0.0	0.0
8.4	0.0	0.0	0.0	0.0
8.5	0.0	0.0	0.0	0.0
8.600000000000001	0.0	0.0	0.0	0.0
8.7	0.0	0.0	0.0	0.0
8.8	0.0	0.0	0.0	0.0
8.9	0.0	0.0	0.0	0.0
9.0	0.0	0.0	0.0	0.0
9.100000000000001	0.0	0.0	0.0	0.0
9.2	0.0	0.0	0.0	0.0
9.3	0.0	0.0	0.0	0.0
9.4	0.0	0.0	0.0	0.0
9.5	0.0	0.0	0.0	0.0
9.600000000000001	0.0	0.0	0.0	0.0
9.7	0.0	0.0	0.0	0.0
9.8	0.0	0.0	0.0	0.0
9.9	0.0	0.0	0.0	0.0
