4.0	0.0004790475589068124	0.0004790475589068124	0.0004790475589068124	0.0004790475589068124
4.1	0.0004790475589068124	0.0004790475589068124	0.0004790475589068124	0.0004790475589068124
4.2	0.0004790475589068124	0.0004790475589068124	0.0004790475589068124	0.0004790475589068124
4.3	0.0004790475589068124	0.0004790475589068124	0.0004790475589068124	0.0004790475589068124
4.4	0.0004790475589068124	0.0004790475589068124	0.0004790475589068124	0.0004790475589068124
4.5	0.0004790475589068124	0.0004790475589068124	0.0004790475589068124	0.0004790475589068124
4.6	0.0004790475589068124	0.0004790475589068124	0.0004790475589068124	0.0004790475589068124
4.7	0.0004790475589068124	0.0004790475589068124	0.0004790475589068124	0.0004790475589068124
4.8	0.0004790475589068124	0.0004790475589068124	0.0004790475589068124	0.0004790475589068124
4.9	0.0004790475589068124	0.0004790475589068124	0.0004790475589068124	0.0004790475589068124
5.0	0.0004790475589068124	0.0004790475589068124	0.0004790475589068124	0.0004790475589068124
5.1	0.0004790475589068124	0.0004790475589068124	0.0004790475589068124	0.0004790475589068124
5.2	0.0004790475589068124	0.0004790475589068124	0.0004790475589068124	0.0004790475589068124
5.3	0.0004790475589068124	0.0004790475589068124	0.0004790475589068124	0.0004790475589068124
5.4	0.0004790475589068124	0.0004790475589068124	0.0004790475589068124	0.0004790475589068124
5.5	0.0004790475589068124	0.0004790475589068124	0.0004790475589068124	0.0004790475589068124
5.6	0.0004790475589068124	0.0004790475589068124	0.0004790475589068124	0.0004790475589068124
5.7	0.0004790475589068124	0.0004790475589068124	0.0004790475589068124	0.0004790475589068124
5.8	0.0004790475589068124	0.0004790475589068124	0.0004790475589068124	0.0004790475589068124
5.9	0.0004790475589068124	0.0004790475589068124	0.0004790475589068124	0.0004790475589068124
6.0	0.00047448406865121287	0.00047448406865121287	0.00047448406865121287	0.00047448406865121287
6.1	0.00047448406865121287	0.00047448406865121287	0.00047448406865121287	0.00047448406865121287
6.2	0.0003532644266360994	0.0003532644266360994	0.0003532644266360994	0.0003532644266360994
6.300000000000001	0.0003532644266360994	0.0003532644266360994	0.0003532644266360994	0.0003532644266360994
6.4	0.000344094051233406	0.000344094051233406	0.000344094051233406	0.000344094051233406
6.5	0.0003311097940182927	0.0003311097940182927	0.0003311097940182927	0.0003311097940182927
6.6	0.0003259175809876774	0.0003259175809876774	0.0003259175809876774	0.0003259175809876774
6.7	0.0003219337302504187	0.0003219337302504187	0.0003219337302504187	0.0003219337302504187
6.800000000000001	0.00031623497573245505	0.00031623497573245505	0.00031623497573245505	0.00031623497573245505
6.9	0.00028138489303196893	0.00028138489303196893	0.00028138489303196893	0.00028138489303196893
7.0	0.00027116387946839296	0.00027116387946839296	0.00027116387946839296	0.00027116387946839296
7.1	0.000248084663466454	0.000248084663466454	0.000248084663466454	0.000248084663466454
7.2	0.00020176166193554854	0.00020176166193554854	0.00020176166193554854	0.00020176166193554854
7.300000000000001	0.00017640803370411634	0.00017640803370411634	0.00017640803370411634	0.00017640803370411634
7.4	0.00016097853552271335	0.00016097853552271335	0.00016097853552271335	0.00016097853552271335
7.5	0.00013722344655410038	0.00013722344655410038	0.00013722344655410038	0.00013722344655410038
7.6	0.00011553904916251287	0.00011553904916251287	0.00011553904916251287	0.00011553904916251287
7.7	0.00010422691594075087	0.00010422691594075087	0.00010422691594075087	0.00010422691594075087
7.800000000000001	7.986016216049509e-05	7.986016216049509e-05	7.986016216049509e-05	7.986016216049509e-05
7.9	7.376983354642869e-05	7.376983354642869e-05	7.376983354642869e-05	7.376983354642869e-05
8.0	5.9326702660186676e-05	5.9326702660186676e-05	5.9326702660186676e-05	5.9326702660186676e-05
8.100000000000001	3.529819433630615e-05	3.529819433630615e-05	3.529819433630615e-05	3.529819433630615e-05
8.2	9.29719130658356e-06	9.29719130658356e-06	9.29719130658356e-06	9.29719130658356e-06
8.3	4.552067260889516e-06	4.552067260889516e-06	4.552067260889516e-06	4.552067260889516e-06
8.4	0.0	0.0	0.0	0.0
8.5	0.0	0.0	0.0	0.0
8.600000000000001	0.0	0.0	0.0	0.0
8.7	0.0	0.0	0.0	0.0
8.8	0.0	0.0	0.0	0.0
8.9	0.0	0.0	0.0	0.0
9.0	0.0	0.0	0.0	0.0
9.100000000000001	0.0	0.0	0.0	0.0
9.2	0.0	0.0	0.0	0.0
9.3	0.0	0.0	0.0	0.0
9.4	0.0	0.0	0.0	0.0
9.5	0.0	0.0	0.0	0.0
9.600000000000001	0.0	0.0	0.0	0.0
9.7	0.0	0.0	0.0	0.0
9.8	0.0	0.0	0.0	0.0
9.9	0.0	0.0	0.0	0.0
