4.0	0.0005410996241818512	0.0005410996241818512	0.0005410996241818512	0.0005410996241818512
4.1	0.0005410996241818512	0.0005410996241818512	0.0005410996241818512	0.0005410996241818512
4.2	0.0005410996241818512	0.0005410996241818512	0.0005410996241818512	0.0005410996241818512
4.3	0.0005410996241818512	0.0005410996241818512	0.0005410996241818512	0.0005410996241818512
4.4	0.0005410996241818512	0.0005410996241818512	0.0005410996241818512	0.0005410996241818512
4.5	0.0005410996241818512	0.0005410996241818512	0.0005410996241818512	0.0005410996241818512
4.6	0.0005410996241818512	0.0005410996241818512	0.0005410996241818512	0.0005410996241818512
4.7	0.0005410996241818512	0.0005410996241818512	0.0005410996241818512	0.0005410996241818512
4.8	0.0005410996241818512	0.0005410996241818512	0.0005410996241818512	0.0005410996241818512
4.9	0.0005410996241818512	0.0005410996241818512	0.0005410996241818512	0.0005410996241818512
5.0	0.0005410996241818512	0.0005410996241818512	0.0005410996241818512	0.0005410996241818512
5.1	0.0005410996241818512	0.0005410996241818512	0.0005410996241818512	0.0005410996241818512
5.2	0.0005410996241818512	0.0005410996241818512	0.0005410996241818512	0.0005410996241818512
5.3	0.0005410996241818512	0.0005410996241818512	0.0005410996241818512	0.0005410996241818512
5.4	0.0005410996241818512	0.0005410996241818512	0.0005410996241818512	0.0005410996241818512
5.5	0.0005410996241818512	0.0005410996241818512	0.0005410996241818512	0.0005410996241818512
5.6	0.0005410996241818512	0.0005410996241818512	0.0005410996241818512	0.0005410996241818512
5.7	0.0005410996241818512	0.0005410996241818512	0.0005410996241818512	0.0005410996241818512
5.8	0.0005224002541168331	0.0005224002541168331	0.0005224002541168331	0.0005224002541168331
5.9	0.0005179875407141101	0.0005179875407141101	0.0005179875407141101	0.0005179875407141101
6.0	0.0005086156551606513	0.0005086156551606513	0.0005086156551606513	0.0005086156551606513
6.1	0.0004489025733369337	0.0004489025733369337	0.0004489025733369337	0.0004489025733369337
6.2	0.000376880842622654	0.000376880842622654	0.000376880842622654	0.000376880842622654
6.300000000000001	0.00036468818420796995	0.00036468818420796995	0.00036468818420796995	0.00036468818420796995
6.4	0.00036154936925338396	0.00036154936925338396	0.00036154936925338396	0.00036154936925338396
6.5	0.00030637510995862376	0.00030637510995862376	0.00030637510995862376	0.00030637510995862376
6.6	0.0002920952038348281	0.0002920952038348281	0.0002920952038348281	0.0002920952038348281
6.7	0.0002857747949466353	0.0002857747949466353	0.0002857747949466353	0.0002857747949466353
6.800000000000001	0.00026356589378805475	0.00026356589378805475	0.00026356589378805475	0.00026356589378805475
6.9	0.0002614399546514325	0.0002614399546514325	0.0002614399546514325	0.0002614399546514325
7.0	0.0002453429894847689	0.0002453429894847689	0.0002453429894847689	0.0002453429894847689
7.1	0.00020563210785048576	0.00020563210785048576	0.00020563210785048576	0.00020563210785048576
7.2	0.0001618099529507603	0.0001618099529507603	0.0001618099529507603	0.0001618099529507603
7.300000000000001	0.00011470437397759897	0.00011470437397759897	0.00011470437397759897	0.00011470437397759897
7.4	7.78767985394634e-05	7.78767985394634e-05	7.78767985394634e-05	7.78767985394634e-05
7.5	4.726221215628353e-05	4.726221215628353e-05	4.726221215628353e-05	4.726221215628353e-05
7.6	1.876904286739476e-05	1.876904286739476e-05	1.876904286739476e-05	1.876904286739476e-05
7.7	1.1770945782391796e-05	1.1770945782391796e-05	1.1770945782391796e-05	1.1770945782391796e-05
7.800000000000001	5.1407673513287265e-06	5.1407673513287265e-06	5.1407673513287265e-06	5.1407673513287265e-06
7.9	1.6604025456345836e-06	1.6604025456345836e-06	1.6604025456345836e-06	1.6604025456345836e-06
8.0	0.0	0.0	0.0	0.0
8.100000000000001	0.0	0.0	0.0	0.0
8.2	0.0	0.0	0.0	0.0
8.3	0.0	0.0	0.0	0.0
8.4	0.0	0.0	0.0	0.0
8.5	0.0	0.0	0.0	0.0
8.600000000000001	0.0	0.0	0.0	0.0
8.7	0.0	0.0	0.0	0.0
8.8	0.0	0.0	0.0	0.0
8.9	0.0	0.0	0.0	0.0
9.0	0.0	0.0	0.0	0.0
9.100000000000001	0.0	0.0	0.0	0.0
9.2	0.0	0.0	0.0	0.0
9.3	0.0	0.0	0.0	0.0
9.4	0.0	0.0	0.0	0.0
9.5	0.0	0.0	0.0	0.0
9.600000000000001	0.0	0.0	0.0	0.0
9.7	0.0	0.0	0.0	0.0
9.8	0.0	0.0	0.0	0.0
9.9	0.0	0.0	0.0	0.0
