4.0	0.0018391722120292707	0.0018391722120292707	0.0018391722120292707	0.0018391722120292707
4.1	0.0018391722120292707	0.0018391722120292707	0.0018391722120292707	0.0018391722120292707
4.2	0.0018391722120292707	0.0018391722120292707	0.0018391722120292707	0.0018391722120292707
4.3	0.0018391722120292707	0.0018391722120292707	0.0018391722120292707	0.0018391722120292707
4.4	0.0018391722120292707	0.0018391722120292707	0.0018391722120292707	0.0018391722120292707
4.5	0.0018391722120292707	0.0018391722120292707	0.0018391722120292707	0.0018391722120292707
4.6	0.0018391722120292707	0.0018391722120292707	0.0018391722120292707	0.0018391722120292707
4.7	0.0018391722120292707	0.0018391722120292707	0.0018391722120292707	0.0018391722120292707
4.8	0.0018391722120292707	0.0018391722120292707	0.0018391722120292707	0.0018391722120292707
4.9	0.0018391722120292707	0.0018391722120292707	0.0018391722120292707	0.0018391722120292707
5.0	0.0018391722120292707	0.0018391722120292707	0.0018391722120292707	0.0018391722120292707
5.1	0.0018391722120292707	0.0018391722120292707	0.0018391722120292707	0.0018391722120292707
5.2	0.0018391722120292707	0.0018391722120292707	0.0018391722120292707	0.0018391722120292707
5.3	0.0018391722120292707	0.0018391722120292707	0.0018391722120292707	0.0018391722120292707
5.4	0.0018391722120292707	0.0018391722120292707	0.0018391722120292707	0.0018391722120292707
5.5	0.0018391722120292707	0.0018391722120292707	0.0018391722120292707	0.0018391722120292707
5.6	0.001533123876585657	0.001533123876585657	0.001533123876585657	0.001533123876585657
5.7	0.001063681680646296	0.001063681680646296	0.001063681680646296	0.001063681680646296
5.8	0.001063681680646296	0.001063681680646296	0.001063681680646296	0.001063681680646296
5.9	0.0010516161198498466	0.0010516161198498466	0.0010516161198498466	0.0010516161198498466
6.0	0.0006715076707074335	0.0006715076707074335	0.0006715076707074335	0.0006715076707074335
6.1	0.0006684841181885665	0.0006684841181885665	0.0006684841181885665	0.0006684841181885665
6.2	0.00048654066112291026	0.00048654066112291026	0.00048654066112291026	0.00048654066112291026
6.300000000000001	0.0003592499236196599	0.0003592499236196599	0.0003592499236196599	0.0003592499236196599
6.4	0.0003377939852847612	0.0003377939852847612	0.0003377939852847612	0.0003377939852847612
6.5	0.00030513625693223695	0.00030513625693223695	0.00030513625693223695	0.00030513625693223695
6.6	0.000305136256932237	0.000305136256932237	0.000305136256932237	0.000305136256932237
6.7	0.0002979040454424346	0.0002979040454424346	0.0002979040454424346	0.0002979040454424346
6.800000000000001	0.000271495554056853	0.000271495554056853	0.000271495554056853	0.000271495554056853
6.9	0.0002695857104310388	0.0002695857104310388	0.0002695857104310388	0.0002695857104310388
7.0	0.00021361018864069528	0.00021361018864069528	0.00021361018864069528	0.00021361018864069528
7.1	0.0002038468583571736	0.0002038468583571736	0.0002038468583571736	0.0002038468583571736
7.2	0.00019015856894359146	0.00019015856894359146	0.00019015856894359146	0.00019015856894359146
7.300000000000001	0.00017615042289682682	0.00017615042289682682	0.00017615042289682682	0.00017615042289682682
7.4	0.00017210633891344366	0.00017210633891344366	0.00017210633891344366	0.00017210633891344366
7.5	0.0001386469455448171	0.0001386469455448171	0.0001386469455448171	0.0001386469455448171
7.6	0.00012182971549992563	0.00012182971549992563	0.00012182971549992563	0.00012182971549992563
7.7	0.00011095675158786977	0.00011095675158786977	0.00011095675158786977	0.00011095675158786977
7.800000000000001	0.00010074815085260815	0.00010074815085260815	0.00010074815085260815	0.00010074815085260815
7.9	7.720934440981647e-05	7.720934440981647e-05	7.720934440981647e-05	7.720934440981647e-05
8.0	6.164308427234807e-05	6.164308427234807e-05	6.164308427234807e-05	6.164308427234807e-05
8.100000000000001	4.0330687229156e-05	4.0330687229156e-05	4.0330687229156e-05	4.0330687229156e-05
8.2	0.0	0.0	0.0	0.0
8.3	0.0	0.0	0.0	0.0
8.4	0.0	0.0	0.0	0.0
8.5	0.0	0.0	0.0	0.0
8.600000000000001	0.0	0.0	0.0	0.0
8.7	0.0	0.0	0.0	0.0
8.8	0.0	0.0	0.0	0.0
8.9	0.0	0.0	0.0	0.0
9.0	0.0	0.0	0.0	0.0
9.100000000000001	0.0	0.0	0.0	0.0
9.2	0.0	0.0	0.0	0.0
9.3	0.0	0.0	0.0	0.0
9.4	0.0	0.0	0.0	0.0
9.5	0.0	0.0	0.0	0.0
9.600000000000001	0.0	0.0	0.0	0.0
9.7	0.0	0.0	0.0	0.0
9.8	0.0	0.0	0.0	0.0
9.9	0.0	0.0	0.0	0.0
