4.0	0.0006757196030805179	0.0006757196030805179	0.0006757196030805179	0.0006757196030805179
4.1	0.0006757196030805179	0.0006757196030805179	0.0006757196030805179	0.0006757196030805179
4.2	0.0006757196030805179	0.0006757196030805179	0.0006757196030805179	0.0006757196030805179
4.3	0.0006757196030805181	0.0006757196030805181	0.0006757196030805181	0.0006757196030805181
4.4	0.0006757196030805179	0.0006757196030805179	0.0006757196030805179	0.0006757196030805179
4.5	0.0006757196030805179	0.0006757196030805179	0.0006757196030805179	0.0006757196030805179
4.6	0.0006757196030805179	0.0006757196030805179	0.0006757196030805179	0.0006757196030805179
4.7	0.0006757196030805181	0.0006757196030805181	0.0006757196030805181	0.0006757196030805181
4.8	0.0006757196030805179	0.0006757196030805179	0.0006757196030805179	0.0006757196030805179
4.9	0.0006757196030805179	0.0006757196030805179	0.0006757196030805179	0.0006757196030805179
5.0	0.0006757196030805179	0.0006757196030805179	0.0006757196030805179	0.0006757196030805179
5.1	0.0006757196030805181	0.0006757196030805181	0.0006757196030805181	0.0006757196030805181
5.2	0.0006757196030805179	0.0006757196030805179	0.0006757196030805179	0.0006757196030805179
5.3	0.0006757196030805179	0.0006757196030805179	0.0006757196030805179	0.0006757196030805179
5.4	0.0006757196030805179	0.0006757196030805179	0.0006757196030805179	0.0006757196030805179
5.5	0.0006757196030805181	0.0006757196030805181	0.0006757196030805181	0.0006757196030805181
5.6	0.00047727422739658656	0.00047727422739658656	0.00047727422739658656	0.00047727422739658656
5.7	0.00047727422739658656	0.00047727422739658656	0.00047727422739658656	0.00047727422739658656
5.8	0.00047727422739658656	0.00047727422739658656	0.00047727422739658656	0.00047727422739658656
5.9	0.00038730451876017733	0.00038730451876017733	0.00038730451876017733	0.00038730451876017733
6.0	0.0003845352285014202	0.0003845352285014202	0.0003845352285014202	0.0003845352285014202
6.1	0.0003845352285014202	0.0003845352285014202	0.0003845352285014202	0.0003845352285014202
6.2	0.0003331817103172142	0.0003331817103172142	0.0003331817103172142	0.0003331817103172142
6.300000000000001	0.00031353008506759106	0.00031353008506759106	0.00031353008506759106	0.00031353008506759106
6.4	0.00030100902834100015	0.00030100902834100015	0.00030100902834100015	0.00030100902834100015
6.5	0.00027047668288607106	0.00027047668288607106	0.00027047668288607106	0.00027047668288607106
6.6	0.0002650075924397639	0.0002650075924397639	0.0002650075924397639	0.0002650075924397639
6.7	0.0002379666523789387	0.0002379666523789387	0.0002379666523789387	0.0002379666523789387
6.800000000000001	0.00022157817550650833	0.00022157817550650833	0.00022157817550650833	0.00022157817550650833
6.9	0.00020751069598957367	0.00020751069598957367	0.00020751069598957367	0.00020751069598957367
7.0	0.00018054807394130904	0.00018054807394130904	0.00018054807394130904	0.00018054807394130904
7.1	0.00017368978694191767	0.00017368978694191767	0.00017368978694191767	0.00017368978694191767
7.2	0.00015171149624080521	0.00015171149624080521	0.00015171149624080521	0.00015171149624080521
7.300000000000001	0.00012750642383277253	0.00012750642383277253	0.00012750642383277253	0.00012750642383277253
7.4	0.00010302563928342407	0.00010302563928342407	0.00010302563928342407	0.00010302563928342407
7.5	7.239442315807001e-05	7.239442315807001e-05	7.239442315807001e-05	7.239442315807001e-05
7.6	5.556234912977246e-05	5.556234912977246e-05	5.556234912977246e-05	5.556234912977246e-05
7.7	3.34090570980201e-05	3.34090570980201e-05	3.34090570980201e-05	3.34090570980201e-05
7.800000000000001	1.696153215967736e-05	1.696153215967736e-05	1.696153215967736e-05	1.696153215967736e-05
7.9	4.287274046403389e-06	4.287274046403389e-06	4.287274046403389e-06	4.287274046403389e-06
8.0	0.0	0.0	0.0	0.0
8.100000000000001	0.0	0.0	0.0	0.0
8.2	0.0	0.0	0.0	0.0
8.3	0.0	0.0	0.0	0.0
8.4	0.0	0.0	0.0	0.0
8.5	0.0	0.0	0.0	0.0
8.600000000000001	0.0	0.0	0.0	0.0
8.7	0.0	0.0	0.0	0.0
8.8	0.0	0.0	0.0	0.0
8.9	0.0	0.0	0.0	0.0
9.0	0.0	0.0	0.0	0.0
9.100000000000001	0.0	0.0	0.0	0.0
9.2	0.0	0.0	0.0	0.0
9.3	0.0	0.0	0.0	0.0
9.4	0.0	0.0	0.0	0.0
9.5	0.0	0.0	0.0	0.0
9.600000000000001	0.0	0.0	0.0	0.0
9.7	0.0	0.0	0.0	0.0
9.8	0.0	0.0	0.0	0.0
9.9	0.0	0.0	0.0	0.0
