set set_1
1702 1703 1704 2811 2812 2813 2814 2851 2852
1703 1704 1705 1706 2814
1702 1703 2811 2812 2813 2814 2851 2852
1702 1703 2811 2812 2813 2814 2851 2852 2853 2854 2855
2815 2823
2815 2816 2823
2815 2816 2817 2823
2815 2816 2817 2818 2823
2815 2816 2817 2818 2819 2823
2796 2815 2823
2831 2832
2831 2832 2833
2831 2832 2833 2834
2831 2832 2833 2834 2835
2831 2832 2833 2834 2835 2836
2831 2832 2833 2834 2835 2836 2837
2850 2856
2850 2852 2853 2854 2855 2856
2850 2853 2854 2855 2856
2850 2854 2855 2856
2850 2855 2856
1702 2850 2851 2852 2853 2854 2855 2856
2847 2848 2849 2850 2856
2847 2848 2849 2850 2851 2852 2853 2854 2855 2856
2847 2848 2849 2850 2852 2853 2854 2855 2856
2847 2848 2849 2850 2853 2854 2855 2856
2847 2848 2849 2850 2854 2855 2856
2847 2848 2849 2850 2855