set_3	[1.29387045e+01 1.29387045e+01 1.29387045e+01 1.29387045e+01
 1.29387045e+01 1.29387045e+01 1.29387045e+01 1.29387045e+01
 1.29387045e+01 1.29387045e+01 1.29387045e+01 1.29387045e+01
 1.29387045e+01 1.29387045e+01 1.29387045e+01 1.29387045e+01
 1.03784108e+01 8.33562042e+00 6.57909121e+00 5.27190403e+00
 4.20745661e+00 3.37110486e+00 2.70142652e+00 2.16566341e+00
 1.73797618e+00 1.37958241e+00 1.10515567e+00 8.85234189e-01
 7.08994712e-01 5.67695166e-01 4.54839108e-01 3.64384667e-01
 2.91945538e-01 2.33851196e-01 1.87305880e-01 1.50018269e-01
 1.20144241e-01 9.61834309e-02 7.69666758e-02 6.15330010e-02
 4.91720731e-02 3.92450621e-02 3.12632359e-02 2.48571552e-02
 1.97232941e-02 1.55996790e-02 1.22894668e-02 9.63127361e-03
 7.49246513e-03 5.77637771e-03 4.39424623e-03 3.28532603e-03
 2.39566410e-03 1.68095091e-03 1.10617579e-03 6.55052794e-04
 2.92000902e-04 0.00000000e+00 0.00000000e+00 0.00000000e+00]
