4.0	0.038890268827782994	0.038890268827782994	0.038890268827782994	0.038890268827782994
4.1	0.038890268827782994	0.038890268827782994	0.038890268827782994	0.038890268827782994
4.2	0.038890268827782994	0.038890268827782994	0.038890268827782994	0.038890268827782994
4.3	0.038890268827782994	0.038890268827782994	0.038890268827782994	0.038890268827782994
4.4	0.038890268827782994	0.038890268827782994	0.038890268827782994	0.038890268827782994
4.5	0.038890268827782994	0.038890268827782994	0.038890268827782994	0.038890268827782994
4.6	0.038890268827782994	0.038890268827782994	0.038890268827782994	0.038890268827782994
4.7	0.038890268827782994	0.038890268827782994	0.038890268827782994	0.038890268827782994
4.8	0.038890268827782994	0.038890268827782994	0.038890268827782994	0.038890268827782994
4.9	0.038890268827782994	0.038890268827782994	0.038890268827782994	0.038890268827782994
5.0	0.038890268827782994	0.038890268827782994	0.038890268827782994	0.038890268827782994
5.1	0.038890268827782994	0.038890268827782994	0.038890268827782994	0.038890268827782994
5.2	0.038890268827782994	0.038890268827782994	0.038890268827782994	0.038890268827782994
5.3	0.038890268827782994	0.038890268827782994	0.038890268827782994	0.038890268827782994
5.4	0.038890268827782994	0.038890268827782994	0.038890268827782994	0.038890268827782994
5.5	0.038890268827782994	0.038890268827782994	0.038890268827782994	0.038890268827782994
5.6	0.029288797973444903	0.029288797973444903	0.029288797973444903	0.029288797973444903
5.7	0.0292887979734449	0.0292887979734449	0.0292887979734449	0.0292887979734449
5.8	0.023821189871273442	0.023821189871273442	0.023821189871273442	0.023821189871273442
5.9	0.016871912545394885	0.016871912545394885	0.016871912545394885	0.016871912545394885
6.0	0.016871912545394885	0.016871912545394885	0.016871912545394885	0.016871912545394885
6.1	0.012957916675233026	0.012957916675233026	0.012957916675233026	0.012957916675233026
6.2	0.008914013552750896	0.008914013552750896	0.008914013552750896	0.008914013552750896
6.300000000000001	0.00799005043993441	0.00799005043993441	0.00799005043993441	0.00799005043993441
6.4	0.006679806194673435	0.006679806194673435	0.006679806194673435	0.006679806194673435
6.5	0.0013713717046876068	0.0013713717046876068	0.0013713717046876068	0.0013713717046876068
6.6	0.000642423175080332	0.000642423175080332	0.000642423175080332	0.000642423175080332
6.7	0.000642423175080332	0.000642423175080332	0.000642423175080332	0.000642423175080332
6.800000000000001	0.0	0.0	0.0	0.0
6.9	0.0	0.0	0.0	0.0
7.0	0.0	0.0	0.0	0.0
7.1	0.0	0.0	0.0	0.0
7.2	0.0	0.0	0.0	0.0
7.300000000000001	0.0	0.0	0.0	0.0
7.4	0.0	0.0	0.0	0.0
7.5	0.0	0.0	0.0	0.0
7.6	0.0	0.0	0.0	0.0
7.7	0.0	0.0	0.0	0.0
7.800000000000001	0.0	0.0	0.0	0.0
7.9	0.0	0.0	0.0	0.0
8.0	0.0	0.0	0.0	0.0
8.100000000000001	0.0	0.0	0.0	0.0
8.2	0.0	0.0	0.0	0.0
8.3	0.0	0.0	0.0	0.0
8.4	0.0	0.0	0.0	0.0
8.5	0.0	0.0	0.0	0.0
8.600000000000001	0.0	0.0	0.0	0.0
8.7	0.0	0.0	0.0	0.0
8.8	0.0	0.0	0.0	0.0
8.9	0.0	0.0	0.0	0.0
9.0	0.0	0.0	0.0	0.0
9.100000000000001	0.0	0.0	0.0	0.0
9.2	0.0	0.0	0.0	0.0
9.3	0.0	0.0	0.0	0.0
9.4	0.0	0.0	0.0	0.0
9.5	0.0	0.0	0.0	0.0
9.600000000000001	0.0	0.0	0.0	0.0
9.7	0.0	0.0	0.0	0.0
9.8	0.0	0.0	0.0	0.0
9.9	0.0	0.0	0.0	0.0
