4.0	0.0031991175728234337	0.0031991175728234337	0.0031991175728234337	0.0031991175728234337
4.1	0.0031991175728234337	0.0031991175728234337	0.0031991175728234337	0.0031991175728234337
4.2	0.0031991175728234337	0.0031991175728234337	0.0031991175728234337	0.0031991175728234337
4.3	0.0031991175728234337	0.0031991175728234337	0.0031991175728234337	0.0031991175728234337
4.4	0.0031991175728234337	0.0031991175728234337	0.0031991175728234337	0.0031991175728234337
4.5	0.0031991175728234337	0.0031991175728234337	0.0031991175728234337	0.0031991175728234337
4.6	0.0031991175728234337	0.0031991175728234337	0.0031991175728234337	0.0031991175728234337
4.7	0.0031991175728234337	0.0031991175728234337	0.0031991175728234337	0.0031991175728234337
4.8	0.0031991175728234337	0.0031991175728234337	0.0031991175728234337	0.0031991175728234337
4.9	0.0031991175728234337	0.0031991175728234337	0.0031991175728234337	0.0031991175728234337
5.0	0.0031991175728234337	0.0031991175728234337	0.0031991175728234337	0.0031991175728234337
5.1	0.0031991175728234337	0.0031991175728234337	0.0031991175728234337	0.0031991175728234337
5.2	0.0031991175728234337	0.0031991175728234337	0.0031991175728234337	0.0031991175728234337
5.3	0.0031991175728234337	0.0031991175728234337	0.0031991175728234337	0.0031991175728234337
5.4	0.0031991175728234337	0.0031991175728234337	0.0031991175728234337	0.0031991175728234337
5.5	0.0031991175728234337	0.0031991175728234337	0.0031991175728234337	0.0031991175728234337
5.6	0.0031991175728234337	0.0031991175728234337	0.0031991175728234337	0.0031991175728234337
5.7	0.0031991175728234337	0.0031991175728234337	0.0031991175728234337	0.0031991175728234337
5.8	0.0021695029499033654	0.0021695029499033654	0.0021695029499033654	0.0021695029499033654
5.9	0.0015846279890285463	0.0015846279890285463	0.0015846279890285463	0.0015846279890285463
6.0	0.0015846279890285463	0.0015846279890285463	0.0015846279890285463	0.0015846279890285463
6.1	0.0013177467400258432	0.0013177467400258432	0.0013177467400258432	0.0013177467400258432
6.2	0.0013177467400258432	0.0013177467400258432	0.0013177467400258432	0.0013177467400258432
6.300000000000001	0.0012519643753235528	0.0012519643753235528	0.0012519643753235528	0.0012519643753235528
6.4	0.0012519643753235528	0.0012519643753235528	0.0012519643753235528	0.0012519643753235528
6.5	0.0012519643753235528	0.0012519643753235528	0.0012519643753235528	0.0012519643753235528
6.6	0.0012519643753235528	0.0012519643753235528	0.0012519643753235528	0.0012519643753235528
6.7	0.0012098287288448367	0.0012098287288448367	0.0012098287288448367	0.0012098287288448367
6.800000000000001	0.0010116951722213287	0.0010116951722213287	0.0010116951722213287	0.0010116951722213287
6.9	0.0009190741385312347	0.0009190741385312347	0.0009190741385312347	0.0009190741385312347
7.0	0.0007908280925747532	0.0007908280925747532	0.0007908280925747532	0.0007908280925747532
7.1	0.0007479660344641002	0.0007479660344641002	0.0007479660344641002	0.0007479660344641002
7.2	0.0006643148510555028	0.0006643148510555028	0.0006643148510555028	0.0006643148510555028
7.300000000000001	0.0005385498516922611	0.0005385498516922611	0.0005385498516922611	0.0005385498516922611
7.4	0.0004547845071211385	0.0004547845071211385	0.0004547845071211385	0.0004547845071211385
7.5	0.00034341582036594463	0.00034341582036594463	0.00034341582036594463	0.00034341582036594463
7.6	0.0003026297906709387	0.0003026297906709387	0.0003026297906709387	0.0003026297906709387
7.7	0.0002492743930176752	0.0002492743930176752	0.0002492743930176752	0.0002492743930176752
7.800000000000001	0.00023391112574091448	0.00023391112574091448	0.00023391112574091448	0.00023391112574091448
7.9	0.00015784669235345398	0.00015784669235345398	0.00015784669235345398	0.00015784669235345398
8.0	8.597531937112293e-05	8.597531937112293e-05	8.597531937112293e-05	8.597531937112293e-05
8.100000000000001	0.0	0.0	0.0	0.0
8.2	0.0	0.0	0.0	0.0
8.3	0.0	0.0	0.0	0.0
8.4	0.0	0.0	0.0	0.0
8.5	0.0	0.0	0.0	0.0
8.600000000000001	0.0	0.0	0.0	0.0
8.7	0.0	0.0	0.0	0.0
8.8	0.0	0.0	0.0	0.0
8.9	0.0	0.0	0.0	0.0
9.0	0.0	0.0	0.0	0.0
9.100000000000001	0.0	0.0	0.0	0.0
9.2	0.0	0.0	0.0	0.0
9.3	0.0	0.0	0.0	0.0
9.4	0.0	0.0	0.0	0.0
9.5	0.0	0.0	0.0	0.0
9.600000000000001	0.0	0.0	0.0	0.0
9.7	0.0	0.0	0.0	0.0
9.8	0.0	0.0	0.0	0.0
9.9	0.0	0.0	0.0	0.0
