4.0	0.009266126142944737	0.009266126142944737	0.009266126142944737	0.009266126142944737
4.1	0.009266126142944737	0.009266126142944737	0.009266126142944737	0.009266126142944737
4.2	0.009266126142944737	0.009266126142944737	0.009266126142944737	0.009266126142944737
4.3	0.009266126142944737	0.009266126142944737	0.009266126142944737	0.009266126142944737
4.4	0.009266126142944737	0.009266126142944737	0.009266126142944737	0.009266126142944737
4.5	0.009266126142944737	0.009266126142944737	0.009266126142944737	0.009266126142944737
4.6	0.009266126142944737	0.009266126142944737	0.009266126142944737	0.009266126142944737
4.7	0.009266126142944737	0.009266126142944737	0.009266126142944737	0.009266126142944737
4.8	0.009266126142944737	0.009266126142944737	0.009266126142944737	0.009266126142944737
4.9	0.009266126142944737	0.009266126142944737	0.009266126142944737	0.009266126142944737
5.0	0.009266126142944737	0.009266126142944737	0.009266126142944737	0.009266126142944737
5.1	0.009266126142944737	0.009266126142944737	0.009266126142944737	0.009266126142944737
5.2	0.009266126142944737	0.009266126142944737	0.009266126142944737	0.009266126142944737
5.3	0.009266126142944737	0.009266126142944737	0.009266126142944737	0.009266126142944737
5.4	0.009266126142944737	0.009266126142944737	0.009266126142944737	0.009266126142944737
5.5	0.009266126142944737	0.009266126142944737	0.009266126142944737	0.009266126142944737
5.6	0.009266126142944737	0.009266126142944737	0.009266126142944737	0.009266126142944737
5.7	0.009266126142944737	0.009266126142944737	0.009266126142944737	0.009266126142944737
5.8	0.006332044277215113	0.006332044277215113	0.006332044277215113	0.006332044277215113
5.9	0.006001122444586974	0.006001122444586974	0.006001122444586974	0.006001122444586974
6.0	0.005683950520886375	0.005683950520886375	0.005683950520886375	0.005683950520886375
6.1	0.004714343702734533	0.004714343702734533	0.004714343702734533	0.004714343702734533
6.2	0.004353065250407841	0.004353065250407841	0.004353065250407841	0.004353065250407841
6.300000000000001	0.00341184799949413	0.00341184799949413	0.00341184799949413	0.00341184799949413
6.4	0.0023181963850259467	0.0023181963850259467	0.0023181963850259467	0.0023181963850259467
6.5	0.0016926465962457285	0.0016926465962457285	0.0016926465962457285	0.0016926465962457285
6.6	0.0016926465962457285	0.0016926465962457285	0.0016926465962457285	0.0016926465962457285
6.7	0.0016345045062535009	0.0016345045062535009	0.0016345045062535009	0.0016345045062535009
6.800000000000001	0.0016345045062535009	0.0016345045062535009	0.0016345045062535009	0.0016345045062535009
6.9	0.0015345812494420299	0.0015345812494420299	0.0015345812494420299	0.0015345812494420299
7.0	0.0013759844396894177	0.0013759844396894177	0.0013759844396894177	0.0013759844396894177
7.1	0.0012958178285647397	0.0012958178285647397	0.0012958178285647397	0.0012958178285647397
7.2	0.0011463937895836854	0.0011463937895836854	0.0011463937895836854	0.0011463937895836854
7.300000000000001	0.0009688832122272102	0.0009688832122272102	0.0009688832122272102	0.0009688832122272102
7.4	0.0009077472193579007	0.0009077472193579007	0.0009077472193579007	0.0009077472193579007
7.5	0.0008884772108546364	0.0008884772108546364	0.0008884772108546364	0.0008884772108546364
7.6	0.0007929182597064181	0.0007929182597064181	0.0007929182597064181	0.0007929182597064181
7.7	0.0006736904382171373	0.0006736904382171373	0.0006736904382171373	0.0006736904382171373
7.800000000000001	0.0005378953953811717	0.0005378953953811717	0.0005378953953811717	0.0005378953953811717
7.9	0.0004040845095427269	0.0004040845095427269	0.0004040845095427269	0.0004040845095427269
8.0	0.00028115582785419313	0.00028115582785419313	0.00028115582785419313	0.00028115582785419313
8.100000000000001	0.000172141634124279	0.000172141634124279	0.000172141634124279	0.000172141634124279
8.2	0.0	0.0	0.0	0.0
8.3	0.0	0.0	0.0	0.0
8.4	0.0	0.0	0.0	0.0
8.5	0.0	0.0	0.0	0.0
8.600000000000001	0.0	0.0	0.0	0.0
8.7	0.0	0.0	0.0	0.0
8.8	0.0	0.0	0.0	0.0
8.9	0.0	0.0	0.0	0.0
9.0	0.0	0.0	0.0	0.0
9.100000000000001	0.0	0.0	0.0	0.0
9.2	0.0	0.0	0.0	0.0
9.3	0.0	0.0	0.0	0.0
9.4	0.0	0.0	0.0	0.0
9.5	0.0	0.0	0.0	0.0
9.600000000000001	0.0	0.0	0.0	0.0
9.7	0.0	0.0	0.0	0.0
9.8	0.0	0.0	0.0	0.0
9.9	0.0	0.0	0.0	0.0
