4.0	0.0023432203627732242	0.0023432203627732242	0.0023432203627732242	0.0023432203627732242
4.1	0.002343220362773225	0.002343220362773225	0.002343220362773225	0.002343220362773225
4.2	0.0023432203627732242	0.0023432203627732242	0.0023432203627732242	0.0023432203627732242
4.3	0.0023432203627732242	0.0023432203627732242	0.0023432203627732242	0.0023432203627732242
4.4	0.0023432203627732242	0.0023432203627732242	0.0023432203627732242	0.0023432203627732242
4.5	0.002343220362773225	0.002343220362773225	0.002343220362773225	0.002343220362773225
4.6	0.0023432203627732242	0.0023432203627732242	0.0023432203627732242	0.0023432203627732242
4.7	0.0023432203627732242	0.0023432203627732242	0.0023432203627732242	0.0023432203627732242
4.8	0.0023432203627732242	0.0023432203627732242	0.0023432203627732242	0.0023432203627732242
4.9	0.002343220362773225	0.002343220362773225	0.002343220362773225	0.002343220362773225
5.0	0.0023432203627732242	0.0023432203627732242	0.0023432203627732242	0.0023432203627732242
5.1	0.0023432203627732242	0.0023432203627732242	0.0023432203627732242	0.0023432203627732242
5.2	0.0023432203627732242	0.0023432203627732242	0.0023432203627732242	0.0023432203627732242
5.3	0.002343220362773225	0.002343220362773225	0.002343220362773225	0.002343220362773225
5.4	0.0023432203627732242	0.0023432203627732242	0.0023432203627732242	0.0023432203627732242
5.5	0.0023432203627732242	0.0023432203627732242	0.0023432203627732242	0.0023432203627732242
5.6	0.0014936932211760746	0.0014936932211760746	0.0014936932211760746	0.0014936932211760746
5.7	0.0014936932211760746	0.0014936932211760746	0.0014936932211760746	0.0014936932211760746
5.8	0.0011006727676483555	0.0011006727676483555	0.0011006727676483555	0.0011006727676483555
5.9	0.0011006727676483555	0.0011006727676483555	0.0011006727676483555	0.0011006727676483555
6.0	0.0011006727676483555	0.0011006727676483555	0.0011006727676483555	0.0011006727676483555
6.1	0.0011006727676483555	0.0011006727676483555	0.0011006727676483555	0.0011006727676483555
6.2	0.0008641506517732889	0.0008641506517732889	0.0008641506517732889	0.0008641506517732889
6.300000000000001	0.0007935326127289632	0.0007935326127289632	0.0007935326127289632	0.0007935326127289632
6.4	0.0006791139430843764	0.0006791139430843764	0.0006791139430843764	0.0006791139430843764
6.5	0.00041047847584579444	0.00041047847584579444	0.00041047847584579444	0.00041047847584579444
6.6	0.0002566343402224357	0.0002566343402224357	0.0002566343402224357	0.0002566343402224357
6.7	0.000144138358374513	0.000144138358374513	0.000144138358374513	0.000144138358374513
6.800000000000001	6.373640045515897e-05	6.373640045515897e-05	6.373640045515897e-05	6.373640045515897e-05
6.9	6.373640045515897e-05	6.373640045515897e-05	6.373640045515897e-05	6.373640045515897e-05
7.0	1.4741451282294086e-05	1.4741451282294086e-05	1.4741451282294086e-05	1.4741451282294086e-05
7.1	0.0	0.0	0.0	0.0
7.2	0.0	0.0	0.0	0.0
7.300000000000001	0.0	0.0	0.0	0.0
7.4	0.0	0.0	0.0	0.0
7.5	0.0	0.0	0.0	0.0
7.6	0.0	0.0	0.0	0.0
7.7	0.0	0.0	0.0	0.0
7.800000000000001	0.0	0.0	0.0	0.0
7.9	0.0	0.0	0.0	0.0
8.0	0.0	0.0	0.0	0.0
8.100000000000001	0.0	0.0	0.0	0.0
8.2	0.0	0.0	0.0	0.0
8.3	0.0	0.0	0.0	0.0
8.4	0.0	0.0	0.0	0.0
8.5	0.0	0.0	0.0	0.0
8.600000000000001	0.0	0.0	0.0	0.0
8.7	0.0	0.0	0.0	0.0
8.8	0.0	0.0	0.0	0.0
8.9	0.0	0.0	0.0	0.0
9.0	0.0	0.0	0.0	0.0
9.100000000000001	0.0	0.0	0.0	0.0
9.2	0.0	0.0	0.0	0.0
9.3	0.0	0.0	0.0	0.0
9.4	0.0	0.0	0.0	0.0
9.5	0.0	0.0	0.0	0.0
9.600000000000001	0.0	0.0	0.0	0.0
9.7	0.0	0.0	0.0	0.0
9.8	0.0	0.0	0.0	0.0
9.9	0.0	0.0	0.0	0.0
