4.0	0.0017518841927309785	0.0017518841927309785	0.0017518841927309785	0.0017518841927309785
4.1	0.0017518841927309785	0.0017518841927309785	0.0017518841927309785	0.0017518841927309785
4.2	0.0017518841927309785	0.0017518841927309785	0.0017518841927309785	0.0017518841927309785
4.3	0.0017518841927309787	0.0017518841927309787	0.0017518841927309787	0.0017518841927309787
4.4	0.0017518841927309785	0.0017518841927309785	0.0017518841927309785	0.0017518841927309785
4.5	0.0017518841927309785	0.0017518841927309785	0.0017518841927309785	0.0017518841927309785
4.6	0.0017518841927309785	0.0017518841927309785	0.0017518841927309785	0.0017518841927309785
4.7	0.0017518841927309787	0.0017518841927309787	0.0017518841927309787	0.0017518841927309787
4.8	0.0017518841927309785	0.0017518841927309785	0.0017518841927309785	0.0017518841927309785
4.9	0.0017518841927309785	0.0017518841927309785	0.0017518841927309785	0.0017518841927309785
5.0	0.0017518841927309785	0.0017518841927309785	0.0017518841927309785	0.0017518841927309785
5.1	0.0017518841927309787	0.0017518841927309787	0.0017518841927309787	0.0017518841927309787
5.2	0.0017518841927309785	0.0017518841927309785	0.0017518841927309785	0.0017518841927309785
5.3	0.0017518841927309785	0.0017518841927309785	0.0017518841927309785	0.0017518841927309785
5.4	0.0017518841927309785	0.0017518841927309785	0.0017518841927309785	0.0017518841927309785
5.5	0.0017518841927309787	0.0017518841927309787	0.0017518841927309787	0.0017518841927309787
5.6	0.0014878035638455872	0.0014878035638455872	0.0014878035638455872	0.0014878035638455872
5.7	0.0014878035638455872	0.0014878035638455872	0.0014878035638455872	0.0014878035638455872
5.8	0.001344420237346165	0.001344420237346165	0.001344420237346165	0.001344420237346165
5.9	0.0012702415908316044	0.0012702415908316044	0.0012702415908316044	0.0012702415908316044
6.0	0.0012702415908316044	0.0012702415908316044	0.0012702415908316044	0.0012702415908316044
6.1	0.0011547960093679199	0.0011547960093679199	0.0011547960093679199	0.0011547960093679199
6.2	0.0010564439059216086	0.0010564439059216086	0.0010564439059216086	0.0010564439059216086
6.300000000000001	0.0010191782387840747	0.0010191782387840747	0.0010191782387840747	0.0010191782387840747
6.4	0.0010045986727051834	0.0010045986727051834	0.0010045986727051834	0.0010045986727051834
6.5	0.0008340474730259335	0.0008340474730259335	0.0008340474730259335	0.0008340474730259335
6.6	0.0008340474730259335	0.0008340474730259335	0.0008340474730259335	0.0008340474730259335
6.7	0.0006751290359301866	0.0006751290359301866	0.0006751290359301866	0.0006751290359301866
6.800000000000001	0.0006751290359301866	0.0006751290359301866	0.0006751290359301866	0.0006751290359301866
6.9	0.0006301442786985259	0.0006301442786985259	0.0006301442786985259	0.0006301442786985259
7.0	0.0006248198103526419	0.0006248198103526419	0.0006248198103526419	0.0006248198103526419
7.1	0.0005849715906281473	0.0005849715906281473	0.0005849715906281473	0.0005849715906281473
7.2	0.0004698304994620958	0.0004698304994620958	0.0004698304994620958	0.0004698304994620958
7.300000000000001	0.00043658461631250706	0.00043658461631250706	0.00043658461631250706	0.00043658461631250706
7.4	0.0002890729466210256	0.0002890729466210256	0.0002890729466210256	0.0002890729466210256
7.5	0.0002089748098173265	0.0002089748098173265	0.0002089748098173265	0.0002089748098173265
7.6	9.796903174727062e-05	9.796903174727062e-05	9.796903174727062e-05	9.796903174727062e-05
7.7	6.450653976146246e-05	6.450653976146246e-05	6.450653976146246e-05	6.450653976146246e-05
7.800000000000001	2.3877227152632087e-05	2.3877227152632087e-05	2.3877227152632087e-05	2.3877227152632087e-05
7.9	9.516893817509615e-06	9.516893817509615e-06	9.516893817509615e-06	9.516893817509615e-06
8.0	0.0	0.0	0.0	0.0
8.100000000000001	0.0	0.0	0.0	0.0
8.2	0.0	0.0	0.0	0.0
8.3	0.0	0.0	0.0	0.0
8.4	0.0	0.0	0.0	0.0
8.5	0.0	0.0	0.0	0.0
8.600000000000001	0.0	0.0	0.0	0.0
8.7	0.0	0.0	0.0	0.0
8.8	0.0	0.0	0.0	0.0
8.9	0.0	0.0	0.0	0.0
9.0	0.0	0.0	0.0	0.0
9.100000000000001	0.0	0.0	0.0	0.0
9.2	0.0	0.0	0.0	0.0
9.3	0.0	0.0	0.0	0.0
9.4	0.0	0.0	0.0	0.0
9.5	0.0	0.0	0.0	0.0
9.600000000000001	0.0	0.0	0.0	0.0
9.7	0.0	0.0	0.0	0.0
9.8	0.0	0.0	0.0	0.0
9.9	0.0	0.0	0.0	0.0
