set_test	[1.65499685e+01 1.65499685e+01 1.65499685e+01 1.65499685e+01
 1.65499685e+01 1.65499685e+01 1.65499685e+01 1.65499685e+01
 1.65499685e+01 1.65499685e+01 1.65499685e+01 1.65499685e+01
 1.65499685e+01 1.65499685e+01 1.65499685e+01 1.65499685e+01
 1.32421862e+01 1.05105431e+01 8.41346806e+00 6.72107999e+00
 5.38748363e+00 4.29308333e+00 3.43842675e+00 2.75862066e+00
 2.21776075e+00 1.77826691e+00 1.43153839e+00 1.14951692e+00
 9.27404949e-01 7.49405485e-01 6.06635464e-01 4.90942744e-01
 3.98165823e-01 3.21707839e-01 2.58575824e-01 2.07833442e-01
 1.66292437e-01 1.32989823e-01 1.06275604e-01 8.48651807e-02
 6.76887771e-02 5.39066145e-02 4.28385944e-02 3.39398049e-02
 2.68114523e-02 2.10919073e-02 1.64882814e-02 1.27918022e-02
 9.81967493e-03 7.43281269e-03 5.51417072e-03 3.97730019e-03
 2.74255391e-03 1.74999829e-03 9.52843884e-04 4.24201045e-04
 0.00000000e+00 0.00000000e+00 0.00000000e+00 0.00000000e+00]
