4.0	0.0037874466686901387	0.0037874466686901387	0.0037874466686901387	0.0037874466686901387
4.1	0.0037874466686901387	0.0037874466686901387	0.0037874466686901387	0.0037874466686901387
4.2	0.0037874466686901387	0.0037874466686901387	0.0037874466686901387	0.0037874466686901387
4.3	0.0037874466686901387	0.0037874466686901387	0.0037874466686901387	0.0037874466686901387
4.4	0.0037874466686901387	0.0037874466686901387	0.0037874466686901387	0.0037874466686901387
4.5	0.0037874466686901387	0.0037874466686901387	0.0037874466686901387	0.0037874466686901387
4.6	0.0037874466686901387	0.0037874466686901387	0.0037874466686901387	0.0037874466686901387
4.7	0.0037874466686901387	0.0037874466686901387	0.0037874466686901387	0.0037874466686901387
4.8	0.0037874466686901387	0.0037874466686901387	0.0037874466686901387	0.0037874466686901387
4.9	0.0037874466686901387	0.0037874466686901387	0.0037874466686901387	0.0037874466686901387
5.0	0.0037874466686901387	0.0037874466686901387	0.0037874466686901387	0.0037874466686901387
5.1	0.0037874466686901387	0.0037874466686901387	0.0037874466686901387	0.0037874466686901387
5.2	0.0037874466686901387	0.0037874466686901387	0.0037874466686901387	0.0037874466686901387
5.3	0.0037874466686901387	0.0037874466686901387	0.0037874466686901387	0.0037874466686901387
5.4	0.0037874466686901387	0.0037874466686901387	0.0037874466686901387	0.0037874466686901387
5.5	0.0037874466686901387	0.0037874466686901387	0.0037874466686901387	0.0037874466686901387
5.6	0.0035838454031554886	0.0035838454031554886	0.0035838454031554886	0.0035838454031554886
5.7	0.0034602979823293188	0.0034602979823293188	0.0034602979823293188	0.0034602979823293188
5.8	0.0025346280473569557	0.0025346280473569557	0.0025346280473569557	0.0025346280473569557
5.9	0.0025346280473569557	0.0025346280473569557	0.0025346280473569557	0.0025346280473569557
6.0	0.002487138744983023	0.002487138744983023	0.002487138744983023	0.002487138744983023
6.1	0.002435415896646146	0.002435415896646146	0.002435415896646146	0.002435415896646146
6.2	0.002435415896646146	0.002435415896646146	0.002435415896646146	0.002435415896646146
6.300000000000001	0.0022785827674427885	0.0022785827674427885	0.0022785827674427885	0.0022785827674427885
6.4	0.0022785827674427885	0.0022785827674427885	0.0022785827674427885	0.0022785827674427885
6.5	0.001785529077489045	0.001785529077489045	0.001785529077489045	0.001785529077489045
6.6	0.001785529077489045	0.001785529077489045	0.001785529077489045	0.001785529077489045
6.7	0.001673818109840608	0.001673818109840608	0.001673818109840608	0.001673818109840608
6.800000000000001	0.0014919185381749274	0.0014919185381749274	0.0014919185381749274	0.0014919185381749274
6.9	0.0013221504809465298	0.0013221504809465298	0.0013221504809465298	0.0013221504809465298
7.0	0.0013201223052794226	0.0013201223052794226	0.0013201223052794226	0.0013201223052794226
7.1	0.001276623353271092	0.001276623353271092	0.001276623353271092	0.001276623353271092
7.2	0.0010904049056159576	0.0010904049056159576	0.0010904049056159576	0.0010904049056159576
7.300000000000001	0.0008904803528936783	0.0008904803528936783	0.0008904803528936783	0.0008904803528936783
7.4	0.0008258125386697635	0.0008258125386697635	0.0008258125386697635	0.0008258125386697635
7.5	0.0007757440533426576	0.0007757440533426576	0.0007757440533426576	0.0007757440533426576
7.6	0.0006298825362143578	0.0006298825362143578	0.0006298825362143578	0.0006298825362143578
7.7	0.0004700861002615347	0.0004700861002615347	0.0004700861002615347	0.0004700861002615347
7.800000000000001	0.00039401429304560816	0.00039401429304560816	0.00039401429304560816	0.00039401429304560816
7.9	0.00030516063737259607	0.00030516063737259607	0.00030516063737259607	0.00030516063737259607
8.0	0.00016390183109925033	0.00016390183109925033	0.00016390183109925033	0.00016390183109925033
8.100000000000001	7.932074095339713e-06	7.932074095339713e-06	7.932074095339713e-06	7.932074095339713e-06
8.2	0.0	0.0	0.0	0.0
8.3	0.0	0.0	0.0	0.0
8.4	0.0	0.0	0.0	0.0
8.5	0.0	0.0	0.0	0.0
8.600000000000001	0.0	0.0	0.0	0.0
8.7	0.0	0.0	0.0	0.0
8.8	0.0	0.0	0.0	0.0
8.9	0.0	0.0	0.0	0.0
9.0	0.0	0.0	0.0	0.0
9.100000000000001	0.0	0.0	0.0	0.0
9.2	0.0	0.0	0.0	0.0
9.3	0.0	0.0	0.0	0.0
9.4	0.0	0.0	0.0	0.0
9.5	0.0	0.0	0.0	0.0
9.600000000000001	0.0	0.0	0.0	0.0
9.7	0.0	0.0	0.0	0.0
9.8	0.0	0.0	0.0	0.0
9.9	0.0	0.0	0.0	0.0
