4.0	0.01335110838777724	0.01335110838777724	0.01335110838777724	0.01335110838777724
4.1	0.01335110838777724	0.01335110838777724	0.01335110838777724	0.01335110838777724
4.2	0.01335110838777724	0.01335110838777724	0.01335110838777724	0.01335110838777724
4.3	0.01335110838777724	0.01335110838777724	0.01335110838777724	0.01335110838777724
4.4	0.01335110838777724	0.01335110838777724	0.01335110838777724	0.01335110838777724
4.5	0.01335110838777724	0.01335110838777724	0.01335110838777724	0.01335110838777724
4.6	0.01335110838777724	0.01335110838777724	0.01335110838777724	0.01335110838777724
4.7	0.01335110838777724	0.01335110838777724	0.01335110838777724	0.01335110838777724
4.8	0.01335110838777724	0.01335110838777724	0.01335110838777724	0.01335110838777724
4.9	0.01335110838777724	0.01335110838777724	0.01335110838777724	0.01335110838777724
5.0	0.01335110838777724	0.01335110838777724	0.01335110838777724	0.01335110838777724
5.1	0.01335110838777724	0.01335110838777724	0.01335110838777724	0.01335110838777724
5.2	0.01335110838777724	0.01335110838777724	0.01335110838777724	0.01335110838777724
5.3	0.01335110838777724	0.01335110838777724	0.01335110838777724	0.01335110838777724
5.4	0.01335110838777724	0.01335110838777724	0.01335110838777724	0.01335110838777724
5.5	0.01335110838777724	0.01335110838777724	0.01335110838777724	0.01335110838777724
5.6	0.009382808037545582	0.009382808037545582	0.009382808037545582	0.009382808037545582
5.7	0.008864160375247133	0.008864160375247133	0.008864160375247133	0.008864160375247133
5.8	0.008864160375247133	0.008864160375247133	0.008864160375247133	0.008864160375247133
5.9	0.004217740255930911	0.004217740255930911	0.004217740255930911	0.004217740255930911
6.0	0.003635000328816666	0.003635000328816666	0.003635000328816666	0.003635000328816666
6.1	0.003284877121920102	0.003284877121920102	0.003284877121920102	0.003284877121920102
6.2	0.002370262500147698	0.002370262500147698	0.002370262500147698	0.002370262500147698
6.300000000000001	0.0020628371852836427	0.0020628371852836427	0.0020628371852836427	0.0020628371852836427
6.4	0.0016198521870152852	0.0016198521870152852	0.0016198521870152852	0.0016198521870152852
6.5	0.0016198521870152852	0.0016198521870152852	0.0016198521870152852	0.0016198521870152852
6.6	0.001533940709197788	0.001533940709197788	0.001533940709197788	0.001533940709197788
6.7	0.001533940709197788	0.001533940709197788	0.001533940709197788	0.001533940709197788
6.800000000000001	0.001309166683167299	0.001309166683167299	0.001309166683167299	0.001309166683167299
6.9	0.0011806398587155358	0.0011806398587155358	0.0011806398587155358	0.0011806398587155358
7.0	0.0011806398587155358	0.0011806398587155358	0.0011806398587155358	0.0011806398587155358
7.1	0.0011254938591206728	0.0011254938591206728	0.0011254938591206728	0.0011254938591206728
7.2	0.001019499498607894	0.001019499498607894	0.001019499498607894	0.001019499498607894
7.300000000000001	0.0009233323338041936	0.0009233323338041936	0.0009233323338041936	0.0009233323338041936
7.4	0.0008683698989195248	0.0008683698989195248	0.0008683698989195248	0.0008683698989195248
7.5	0.0008230937888431937	0.0008230937888431937	0.0008230937888431937	0.0008230937888431937
7.6	0.0006484029657408421	0.0006484029657408421	0.0006484029657408421	0.0006484029657408421
7.7	0.0004653708229654503	0.0004653708229654503	0.0004653708229654503	0.0004653708229654503
7.800000000000001	0.0003852169732174918	0.0003852169732174918	0.0003852169732174918	0.0003852169732174918
7.9	0.00029794943209868186	0.00029794943209868186	0.00029794943209868186	0.00029794943209868186
8.0	0.0001617546863557963	0.0001617546863557963	0.0001617546863557963	0.0001617546863557963
8.100000000000001	7.932074095339713e-06	7.932074095339713e-06	7.932074095339713e-06	7.932074095339713e-06
8.2	0.0	0.0	0.0	0.0
8.3	0.0	0.0	0.0	0.0
8.4	0.0	0.0	0.0	0.0
8.5	0.0	0.0	0.0	0.0
8.600000000000001	0.0	0.0	0.0	0.0
8.7	0.0	0.0	0.0	0.0
8.8	0.0	0.0	0.0	0.0
8.9	0.0	0.0	0.0	0.0
9.0	0.0	0.0	0.0	0.0
9.100000000000001	0.0	0.0	0.0	0.0
9.2	0.0	0.0	0.0	0.0
9.3	0.0	0.0	0.0	0.0
9.4	0.0	0.0	0.0	0.0
9.5	0.0	0.0	0.0	0.0
9.600000000000001	0.0	0.0	0.0	0.0
9.7	0.0	0.0	0.0	0.0
9.8	0.0	0.0	0.0	0.0
9.9	0.0	0.0	0.0	0.0
