4.0	0.00029007181361769316	0.00029007181361769316	0.00029007181361769316	0.00029007181361769316
4.1	0.00029007181361769316	0.00029007181361769316	0.00029007181361769316	0.00029007181361769316
4.2	0.00029007181361769316	0.00029007181361769316	0.00029007181361769316	0.00029007181361769316
4.3	0.00029007181361769316	0.00029007181361769316	0.00029007181361769316	0.00029007181361769316
4.4	0.00029007181361769316	0.00029007181361769316	0.00029007181361769316	0.00029007181361769316
4.5	0.00029007181361769316	0.00029007181361769316	0.00029007181361769316	0.00029007181361769316
4.6	0.00029007181361769316	0.00029007181361769316	0.00029007181361769316	0.00029007181361769316
4.7	0.00029007181361769316	0.00029007181361769316	0.00029007181361769316	0.00029007181361769316
4.8	0.00029007181361769316	0.00029007181361769316	0.00029007181361769316	0.00029007181361769316
4.9	0.00029007181361769316	0.00029007181361769316	0.00029007181361769316	0.00029007181361769316
5.0	0.00029007181361769316	0.00029007181361769316	0.00029007181361769316	0.00029007181361769316
5.1	0.00029007181361769316	0.00029007181361769316	0.00029007181361769316	0.00029007181361769316
5.2	0.00029007181361769316	0.00029007181361769316	0.00029007181361769316	0.00029007181361769316
5.3	0.00029007181361769316	0.00029007181361769316	0.00029007181361769316	0.00029007181361769316
5.4	0.00029007181361769316	0.00029007181361769316	0.00029007181361769316	0.00029007181361769316
5.5	0.00029007181361769316	0.00029007181361769316	0.00029007181361769316	0.00029007181361769316
5.6	0.00029007181361769316	0.00029007181361769316	0.00029007181361769316	0.00029007181361769316
5.7	0.0002802119294236869	0.0002802119294236869	0.0002802119294236869	0.0002802119294236869
5.8	0.0002802119294236869	0.0002802119294236869	0.0002802119294236869	0.0002802119294236869
5.9	0.0002802119294236869	0.0002802119294236869	0.0002802119294236869	0.0002802119294236869
6.0	0.000273215091567035	0.000273215091567035	0.000273215091567035	0.000273215091567035
6.1	0.00027321509156703503	0.00027321509156703503	0.00027321509156703503	0.00027321509156703503
6.2	0.00026444827704325013	0.00026444827704325013	0.00026444827704325013	0.00026444827704325013
6.300000000000001	0.00022596841485878519	0.00022596841485878519	0.00022596841485878519	0.00022596841485878519
6.4	0.00022508965175500537	0.00022508965175500537	0.00022508965175500537	0.00022508965175500537
6.5	0.0002244675351202121	0.0002244675351202121	0.0002244675351202121	0.0002244675351202121
6.6	0.00020685054116032723	0.00020685054116032723	0.00020685054116032723	0.00020685054116032723
6.7	0.00019169230834692648	0.00019169230834692648	0.00019169230834692648	0.00019169230834692648
6.800000000000001	0.00018869858386883907	0.00018869858386883907	0.00018869858386883907	0.00018869858386883907
6.9	0.00015201549530192147	0.00015201549530192147	0.00015201549530192147	0.00015201549530192147
7.0	0.00014620441469617962	0.00014620441469617962	0.00014620441469617962	0.00014620441469617962
7.1	0.0001290038643460004	0.0001290038643460004	0.0001290038643460004	0.0001290038643460004
7.2	0.00011539279647734855	0.00011539279647734855	0.00011539279647734855	0.00011539279647734855
7.300000000000001	0.00010267102865717934	0.00010267102865717934	0.00010267102865717934	0.00010267102865717934
7.4	8.838038017330945e-05	8.838038017330945e-05	8.838038017330945e-05	8.838038017330945e-05
7.5	7.67089459151834e-05	7.67089459151834e-05	7.67089459151834e-05	7.67089459151834e-05
7.6	6.795007444244685e-05	6.795007444244685e-05	6.795007444244685e-05	6.795007444244685e-05
7.7	5.581816330823559e-05	5.581816330823559e-05	5.581816330823559e-05	5.581816330823559e-05
7.800000000000001	4.351382522090748e-05	4.351382522090748e-05	4.351382522090748e-05	4.351382522090748e-05
7.9	3.291777160598482e-05	3.291777160598482e-05	3.291777160598482e-05	3.291777160598482e-05
8.0	2.6217449934703197e-05	2.6217449934703197e-05	2.6217449934703197e-05	2.6217449934703197e-05
8.100000000000001	1.4425109912933691e-05	1.4425109912933691e-05	1.4425109912933691e-05	1.4425109912933691e-05
8.2	1.0651938010433782e-05	1.0651938010433782e-05	1.0651938010433782e-05	1.0651938010433782e-05
8.3	3.2545317836602996e-06	3.2545317836602996e-06	3.2545317836602996e-06	3.2545317836602996e-06
8.4	0.0	0.0	0.0	0.0
8.5	0.0	0.0	0.0	0.0
8.600000000000001	0.0	0.0	0.0	0.0
8.7	0.0	0.0	0.0	0.0
8.8	0.0	0.0	0.0	0.0
8.9	0.0	0.0	0.0	0.0
9.0	0.0	0.0	0.0	0.0
9.100000000000001	0.0	0.0	0.0	0.0
9.2	0.0	0.0	0.0	0.0
9.3	0.0	0.0	0.0	0.0
9.4	0.0	0.0	0.0	0.0
9.5	0.0	0.0	0.0	0.0
9.600000000000001	0.0	0.0	0.0	0.0
9.7	0.0	0.0	0.0	0.0
9.8	0.0	0.0	0.0	0.0
9.9	0.0	0.0	0.0	0.0
