4.0	0.009773780457949232	0.009773780457949232	0.009773780457949232	0.009773780457949232
4.1	0.009773780457949232	0.009773780457949232	0.009773780457949232	0.009773780457949232
4.2	0.009773780457949232	0.009773780457949232	0.009773780457949232	0.009773780457949232
4.3	0.009773780457949232	0.009773780457949232	0.009773780457949232	0.009773780457949232
4.4	0.009773780457949232	0.009773780457949232	0.009773780457949232	0.009773780457949232
4.5	0.009773780457949232	0.009773780457949232	0.009773780457949232	0.009773780457949232
4.6	0.009773780457949232	0.009773780457949232	0.009773780457949232	0.009773780457949232
4.7	0.009773780457949232	0.009773780457949232	0.009773780457949232	0.009773780457949232
4.8	0.009773780457949232	0.009773780457949232	0.009773780457949232	0.009773780457949232
4.9	0.009773780457949232	0.009773780457949232	0.009773780457949232	0.009773780457949232
5.0	0.009773780457949232	0.009773780457949232	0.009773780457949232	0.009773780457949232
5.1	0.009773780457949232	0.009773780457949232	0.009773780457949232	0.009773780457949232
5.2	0.009773780457949232	0.009773780457949232	0.009773780457949232	0.009773780457949232
5.3	0.009773780457949232	0.009773780457949232	0.009773780457949232	0.009773780457949232
5.4	0.009773780457949232	0.009773780457949232	0.009773780457949232	0.009773780457949232
5.5	0.009773780457949232	0.009773780457949232	0.009773780457949232	0.009773780457949232
5.6	0.007134283657456515	0.007134283657456515	0.007134283657456515	0.007134283657456515
5.7	0.005492691699665874	0.005492691699665874	0.005492691699665874	0.005492691699665874
5.8	0.00422544482854703	0.00422544482854703	0.00422544482854703	0.00422544482854703
5.9	0.002719996654972364	0.002719996654972364	0.002719996654972364	0.002719996654972364
6.0	0.0024535527329496215	0.0024535527329496215	0.0024535527329496215	0.0024535527329496215
6.1	0.0022342180220533687	0.0022342180220533687	0.0022342180220533687	0.0022342180220533687
6.2	0.0022342180220533687	0.0022342180220533687	0.0022342180220533687	0.0022342180220533687
6.300000000000001	0.001813194712771975	0.001813194712771975	0.001813194712771975	0.001813194712771975
6.4	0.0013268016368365588	0.0013268016368365588	0.0013268016368365588	0.0013268016368365588
6.5	0.0012419562786606154	0.0012419562786606154	0.0012419562786606154	0.0012419562786606154
6.6	0.0010613684993246574	0.0010613684993246574	0.0010613684993246574	0.0010613684993246574
6.7	0.0009592018640674039	0.0009592018640674039	0.0009592018640674039	0.0009592018640674039
6.800000000000001	0.0008005921713146837	0.0008005921713146837	0.0008005921713146837	0.0008005921713146837
6.9	0.0006598299122824795	0.0006598299122824795	0.0006598299122824795	0.0006598299122824795
7.0	0.000542775991226155	0.000542775991226155	0.000542775991226155	0.000542775991226155
7.1	0.0004542231251430804	0.0004542231251430804	0.0004542231251430804	0.0004542231251430804
7.2	0.0004328425360015433	0.0004328425360015433	0.0004328425360015433	0.0004328425360015433
7.300000000000001	0.0003361447331673103	0.0003361447331673103	0.0003361447331673103	0.0003361447331673103
7.4	0.00029299781351387814	0.00029299781351387814	0.00029299781351387814	0.00029299781351387814
7.5	0.00022213365354312978	0.00022213365354312978	0.00022213365354312978	0.00022213365354312978
7.6	0.00019811662121125686	0.00019811662121125686	0.00019811662121125686	0.00019811662121125686
7.7	0.0001651905755132552	0.0001651905755132552	0.0001651905755132552	0.0001651905755132552
7.800000000000001	0.0001555602399796759	0.0001555602399796759	0.0001555602399796759	0.0001555602399796759
7.9	0.00011111207797195877	0.00011111207797195877	0.00011111207797195877	0.00011111207797195877
8.0	6.500424580413574e-05	6.500424580413574e-05	6.500424580413574e-05	6.500424580413574e-05
8.100000000000001	0.0	0.0	0.0	0.0
8.2	0.0	0.0	0.0	0.0
8.3	0.0	0.0	0.0	0.0
8.4	0.0	0.0	0.0	0.0
8.5	0.0	0.0	0.0	0.0
8.600000000000001	0.0	0.0	0.0	0.0
8.7	0.0	0.0	0.0	0.0
8.8	0.0	0.0	0.0	0.0
8.9	0.0	0.0	0.0	0.0
9.0	0.0	0.0	0.0	0.0
9.100000000000001	0.0	0.0	0.0	0.0
9.2	0.0	0.0	0.0	0.0
9.3	0.0	0.0	0.0	0.0
9.4	0.0	0.0	0.0	0.0
9.5	0.0	0.0	0.0	0.0
9.600000000000001	0.0	0.0	0.0	0.0
9.7	0.0	0.0	0.0	0.0
9.8	0.0	0.0	0.0	0.0
9.9	0.0	0.0	0.0	0.0
