4.0	0.0035098090107563234	0.0035098090107563234	0.0035098090107563234	0.0035098090107563234
4.1	0.0035098090107563234	0.0035098090107563234	0.0035098090107563234	0.0035098090107563234
4.2	0.0035098090107563234	0.0035098090107563234	0.0035098090107563234	0.0035098090107563234
4.3	0.0035098090107563234	0.0035098090107563234	0.0035098090107563234	0.0035098090107563234
4.4	0.0035098090107563234	0.0035098090107563234	0.0035098090107563234	0.0035098090107563234
4.5	0.0035098090107563234	0.0035098090107563234	0.0035098090107563234	0.0035098090107563234
4.6	0.0035098090107563234	0.0035098090107563234	0.0035098090107563234	0.0035098090107563234
4.7	0.0035098090107563234	0.0035098090107563234	0.0035098090107563234	0.0035098090107563234
4.8	0.0035098090107563234	0.0035098090107563234	0.0035098090107563234	0.0035098090107563234
4.9	0.0035098090107563234	0.0035098090107563234	0.0035098090107563234	0.0035098090107563234
5.0	0.0035098090107563234	0.0035098090107563234	0.0035098090107563234	0.0035098090107563234
5.1	0.0035098090107563234	0.0035098090107563234	0.0035098090107563234	0.0035098090107563234
5.2	0.0035098090107563234	0.0035098090107563234	0.0035098090107563234	0.0035098090107563234
5.3	0.0035098090107563234	0.0035098090107563234	0.0035098090107563234	0.0035098090107563234
5.4	0.0035098090107563234	0.0035098090107563234	0.0035098090107563234	0.0035098090107563234
5.5	0.0035098090107563234	0.0035098090107563234	0.0035098090107563234	0.0035098090107563234
5.6	0.0035098090107563234	0.0035098090107563234	0.0035098090107563234	0.0035098090107563234
5.7	0.002649234642775218	0.002649234642775218	0.002649234642775218	0.002649234642775218
5.8	0.002649234642775218	0.002649234642775218	0.002649234642775218	0.002649234642775218
5.9	0.002050958852666031	0.002050958852666031	0.002050958852666031	0.002050958852666031
6.0	0.002050958852666031	0.002050958852666031	0.002050958852666031	0.002050958852666031
6.1	0.002009549758965687	0.002009549758965687	0.002009549758965687	0.002009549758965687
6.2	0.0019802343656453608	0.0019802343656453608	0.0019802343656453608	0.0019802343656453608
6.300000000000001	0.001729698360633895	0.001729698360633895	0.001729698360633895	0.001729698360633895
6.4	0.0014579239319544965	0.0014579239319544965	0.0014579239319544965	0.0014579239319544965
6.5	0.0013305504440319703	0.0013305504440319703	0.0013305504440319703	0.0013305504440319703
6.6	0.0009649036037656154	0.0009649036037656154	0.0009649036037656154	0.0009649036037656154
6.7	0.0009390767985787029	0.0009390767985787029	0.0009390767985787029	0.0009390767985787029
6.800000000000001	0.0007888958265377566	0.0007888958265377566	0.0007888958265377566	0.0007888958265377566
6.9	0.0007714160561220512	0.0007714160561220512	0.0007714160561220512	0.0007714160561220512
7.0	0.0005909033774963777	0.0005909033774963777	0.0005909033774963777	0.0005909033774963777
7.1	0.0004919794331670694	0.0004919794331670694	0.0004919794331670694	0.0004919794331670694
7.2	0.0004005977774848177	0.0004005977774848177	0.0004005977774848177	0.0004005977774848177
7.300000000000001	0.00032654241948843935	0.00032654241948843935	0.00032654241948843935	0.00032654241948843935
7.4	0.00025831323777525134	0.00025831323777525134	0.00025831323777525134	0.00025831323777525134
7.5	0.00015302057884695599	0.00015302057884695599	0.00015302057884695599	0.00015302057884695599
7.6	9.639736328001044e-05	9.639736328001044e-05	9.639736328001044e-05	9.639736328001044e-05
7.7	5.5725254426275904e-05	5.5725254426275904e-05	5.5725254426275904e-05	5.5725254426275904e-05
7.800000000000001	2.6839945501949936e-05	2.6839945501949936e-05	2.6839945501949936e-05	2.6839945501949936e-05
7.9	6.361870808522786e-06	6.361870808522786e-06	6.361870808522786e-06	6.361870808522786e-06
8.0	0.0	0.0	0.0	0.0
8.100000000000001	0.0	0.0	0.0	0.0
8.2	0.0	0.0	0.0	0.0
8.3	0.0	0.0	0.0	0.0
8.4	0.0	0.0	0.0	0.0
8.5	0.0	0.0	0.0	0.0
8.600000000000001	0.0	0.0	0.0	0.0
8.7	0.0	0.0	0.0	0.0
8.8	0.0	0.0	0.0	0.0
8.9	0.0	0.0	0.0	0.0
9.0	0.0	0.0	0.0	0.0
9.100000000000001	0.0	0.0	0.0	0.0
9.2	0.0	0.0	0.0	0.0
9.3	0.0	0.0	0.0	0.0
9.4	0.0	0.0	0.0	0.0
9.5	0.0	0.0	0.0	0.0
9.600000000000001	0.0	0.0	0.0	0.0
9.7	0.0	0.0	0.0	0.0
9.8	0.0	0.0	0.0	0.0
9.9	0.0	0.0	0.0	0.0
