4.0	0.0008765802710319337	0.0008765802710319337	0.0008765802710319337	0.0008765802710319337
4.1	0.0008765802710319337	0.0008765802710319337	0.0008765802710319337	0.0008765802710319337
4.2	0.0008765802710319337	0.0008765802710319337	0.0008765802710319337	0.0008765802710319337
4.3	0.0008765802710319337	0.0008765802710319337	0.0008765802710319337	0.0008765802710319337
4.4	0.0008765802710319337	0.0008765802710319337	0.0008765802710319337	0.0008765802710319337
4.5	0.0008765802710319337	0.0008765802710319337	0.0008765802710319337	0.0008765802710319337
4.6	0.0008765802710319337	0.0008765802710319337	0.0008765802710319337	0.0008765802710319337
4.7	0.0008765802710319337	0.0008765802710319337	0.0008765802710319337	0.0008765802710319337
4.8	0.0008765802710319337	0.0008765802710319337	0.0008765802710319337	0.0008765802710319337
4.9	0.0008765802710319337	0.0008765802710319337	0.0008765802710319337	0.0008765802710319337
5.0	0.0008765802710319337	0.0008765802710319337	0.0008765802710319337	0.0008765802710319337
5.1	0.0008765802710319337	0.0008765802710319337	0.0008765802710319337	0.0008765802710319337
5.2	0.0008765802710319337	0.0008765802710319337	0.0008765802710319337	0.0008765802710319337
5.3	0.0008765802710319337	0.0008765802710319337	0.0008765802710319337	0.0008765802710319337
5.4	0.0008765802710319337	0.0008765802710319337	0.0008765802710319337	0.0008765802710319337
5.5	0.0008765802710319337	0.0008765802710319337	0.0008765802710319337	0.0008765802710319337
5.6	0.0008765802710319337	0.0008765802710319337	0.0008765802710319337	0.0008765802710319337
5.7	0.0007210639768847745	0.0007210639768847745	0.0007210639768847745	0.0007210639768847745
5.8	0.0007210639768847745	0.0007210639768847745	0.0007210639768847745	0.0007210639768847745
5.9	0.00048723563314203325	0.00048723563314203325	0.00048723563314203325	0.00048723563314203325
6.0	0.00048723563314203325	0.00048723563314203325	0.00048723563314203325	0.00048723563314203325
6.1	0.00048723563314203325	0.00048723563314203325	0.00048723563314203325	0.00048723563314203325
6.2	0.00048723563314203325	0.00048723563314203325	0.00048723563314203325	0.00048723563314203325
6.300000000000001	0.00042426112836452024	0.00042426112836452024	0.00042426112836452024	0.00042426112836452024
6.4	0.00031424293670838095	0.00031424293670838095	0.00031424293670838095	0.00031424293670838095
6.5	0.0002618092619121817	0.0002618092619121817	0.0002618092619121817	0.0002618092619121817
6.6	0.00023009491710836662	0.00023009491710836662	0.00023009491710836662	0.00023009491710836662
6.7	0.00022447082705452252	0.00022447082705452252	0.00022447082705452252	0.00022447082705452252
6.800000000000001	0.00021679212185419223	0.00021679212185419223	0.00021679212185419223	0.00021679212185419223
6.9	0.0001810348092380714	0.0001810348092380714	0.0001810348092380714	0.0001810348092380714
7.0	0.00016205820999397967	0.00016205820999397967	0.00016205820999397967	0.00016205820999397967
7.1	0.0001532866074269303	0.0001532866074269303	0.0001532866074269303	0.0001532866074269303
7.2	0.0001407654794248732	0.0001407654794248732	0.0001407654794248732	0.0001407654794248732
7.300000000000001	0.00011432940568649726	0.00011432940568649726	0.00011432940568649726	0.00011432940568649726
7.4	8.659198475638664e-05	8.659198475638664e-05	8.659198475638664e-05	8.659198475638664e-05
7.5	5.334152549709938e-05	5.334152549709938e-05	5.334152549709938e-05	5.334152549709938e-05
7.6	2.6857967919218144e-05	2.6857967919218144e-05	2.6857967919218144e-05	2.6857967919218144e-05
7.7	6.326927982117917e-07	6.326927982117917e-07	6.326927982117917e-07	6.326927982117917e-07
7.800000000000001	2.1155989218282206e-07	2.1155989218282206e-07	2.1155989218282206e-07	2.1155989218282206e-07
7.9	1.8286023185853304e-07	1.8286023185853304e-07	1.8286023185853304e-07	1.8286023185853304e-07
8.0	0.0	0.0	0.0	0.0
8.100000000000001	0.0	0.0	0.0	0.0
8.2	0.0	0.0	0.0	0.0
8.3	0.0	0.0	0.0	0.0
8.4	0.0	0.0	0.0	0.0
8.5	0.0	0.0	0.0	0.0
8.600000000000001	0.0	0.0	0.0	0.0
8.7	0.0	0.0	0.0	0.0
8.8	0.0	0.0	0.0	0.0
8.9	0.0	0.0	0.0	0.0
9.0	0.0	0.0	0.0	0.0
9.100000000000001	0.0	0.0	0.0	0.0
9.2	0.0	0.0	0.0	0.0
9.3	0.0	0.0	0.0	0.0
9.4	0.0	0.0	0.0	0.0
9.5	0.0	0.0	0.0	0.0
9.600000000000001	0.0	0.0	0.0	0.0
9.7	0.0	0.0	0.0	0.0
9.8	0.0	0.0	0.0	0.0
9.9	0.0	0.0	0.0	0.0
