4.0	0.05780720223169895	0.05780720223169895	0.05780720223169895	0.05780720223169895
4.1	0.05780720223169896	0.05780720223169896	0.05780720223169896	0.05780720223169896
4.2	0.05780720223169895	0.05780720223169895	0.05780720223169895	0.05780720223169895
4.3	0.05780720223169896	0.05780720223169896	0.05780720223169896	0.05780720223169896
4.4	0.05780720223169895	0.05780720223169895	0.05780720223169895	0.05780720223169895
4.5	0.05780720223169896	0.05780720223169896	0.05780720223169896	0.05780720223169896
4.6	0.05780720223169895	0.05780720223169895	0.05780720223169895	0.05780720223169895
4.7	0.05780720223169896	0.05780720223169896	0.05780720223169896	0.05780720223169896
4.8	0.05780720223169895	0.05780720223169895	0.05780720223169895	0.05780720223169895
4.9	0.05780720223169896	0.05780720223169896	0.05780720223169896	0.05780720223169896
5.0	0.05780720223169895	0.05780720223169895	0.05780720223169895	0.05780720223169895
5.1	0.05780720223169896	0.05780720223169896	0.05780720223169896	0.05780720223169896
5.2	0.05780720223169895	0.05780720223169895	0.05780720223169895	0.05780720223169895
5.3	0.05780720223169896	0.05780720223169896	0.05780720223169896	0.05780720223169896
5.4	0.05780720223169895	0.05780720223169895	0.05780720223169895	0.05780720223169895
5.5	0.05780720223169896	0.05780720223169896	0.05780720223169896	0.05780720223169896
5.6	0.03857975642515924	0.03857975642515924	0.03857975642515924	0.03857975642515924
5.7	0.02515675116420848	0.02515675116420848	0.02515675116420848	0.02515675116420848
5.8	0.021691511286138377	0.021691511286138377	0.021691511286138377	0.021691511286138377
5.9	0.016864218483584693	0.016864218483584693	0.016864218483584693	0.016864218483584693
6.0	0.012644690822576484	0.012644690822576484	0.012644690822576484	0.012644690822576484
6.1	0.011015096546390964	0.011015096546390964	0.011015096546390964	0.011015096546390964
6.2	0.009031042383043454	0.009031042383043454	0.009031042383043454	0.009031042383043454
6.300000000000001	0.00705873070941858	0.00705873070941858	0.00705873070941858	0.00705873070941858
6.4	0.005934824060484239	0.005934824060484239	0.005934824060484239	0.005934824060484239
6.5	0.004434624438884663	0.004434624438884663	0.004434624438884663	0.004434624438884663
6.6	0.0035697550095644803	0.0035697550095644803	0.0035697550095644803	0.0035697550095644803
6.7	0.0030649469467311247	0.0030649469467311247	0.0030649469467311247	0.0030649469467311247
6.800000000000001	0.0019966136533094408	0.0019966136533094408	0.0019966136533094408	0.0019966136533094408
6.9	0.0016645521746321888	0.0016645521746321888	0.0016645521746321888	0.0016645521746321888
7.0	0.0014132092286693707	0.0014132092286693707	0.0014132092286693707	0.0014132092286693707
7.1	0.0011103079381851934	0.0011103079381851934	0.0011103079381851934	0.0011103079381851934
7.2	0.0008875046395987536	0.0008875046395987536	0.0008875046395987536	0.0008875046395987536
7.300000000000001	0.0007326466466069511	0.0007326466466069511	0.0007326466466069511	0.0007326466466069511
7.4	0.000605510234849063	0.000605510234849063	0.000605510234849063	0.000605510234849063
7.5	0.0005018521275683503	0.0005018521275683503	0.0005018521275683503	0.0005018521275683503
7.6	0.00037912839322940336	0.00037912839322940336	0.00037912839322940336	0.00037912839322940336
7.7	0.0002610524001004623	0.0002610524001004623	0.0002610524001004623	0.0002610524001004623
7.800000000000001	0.00016865385213841568	0.00016865385213841568	0.00016865385213841568	0.00016865385213841568
7.9	0.00010139428480106683	0.00010139428480106683	0.00010139428480106683	0.00010139428480106683
8.0	6.23110956266254e-05	6.23110956266254e-05	6.23110956266254e-05	6.23110956266254e-05
8.100000000000001	5.387040621893772e-05	5.387040621893772e-05	5.387040621893772e-05	5.387040621893772e-05
8.2	0.0	0.0	0.0	0.0
8.3	0.0	0.0	0.0	0.0
8.4	0.0	0.0	0.0	0.0
8.5	0.0	0.0	0.0	0.0
8.600000000000001	0.0	0.0	0.0	0.0
8.7	0.0	0.0	0.0	0.0
8.8	0.0	0.0	0.0	0.0
8.9	0.0	0.0	0.0	0.0
9.0	0.0	0.0	0.0	0.0
9.100000000000001	0.0	0.0	0.0	0.0
9.2	0.0	0.0	0.0	0.0
9.3	0.0	0.0	0.0	0.0
9.4	0.0	0.0	0.0	0.0
9.5	0.0	0.0	0.0	0.0
9.600000000000001	0.0	0.0	0.0	0.0
9.7	0.0	0.0	0.0	0.0
9.8	0.0	0.0	0.0	0.0
9.9	0.0	0.0	0.0	0.0
