4.0	0.01086610576941622	0.01086610576941622	0.01086610576941622	0.01086610576941622
4.1	0.01086610576941622	0.01086610576941622	0.01086610576941622	0.01086610576941622
4.2	0.01086610576941622	0.01086610576941622	0.01086610576941622	0.01086610576941622
4.3	0.01086610576941622	0.01086610576941622	0.01086610576941622	0.01086610576941622
4.4	0.01086610576941622	0.01086610576941622	0.01086610576941622	0.01086610576941622
4.5	0.01086610576941622	0.01086610576941622	0.01086610576941622	0.01086610576941622
4.6	0.01086610576941622	0.01086610576941622	0.01086610576941622	0.01086610576941622
4.7	0.01086610576941622	0.01086610576941622	0.01086610576941622	0.01086610576941622
4.8	0.01086610576941622	0.01086610576941622	0.01086610576941622	0.01086610576941622
4.9	0.01086610576941622	0.01086610576941622	0.01086610576941622	0.01086610576941622
5.0	0.01086610576941622	0.01086610576941622	0.01086610576941622	0.01086610576941622
5.1	0.01086610576941622	0.01086610576941622	0.01086610576941622	0.01086610576941622
5.2	0.01086610576941622	0.01086610576941622	0.01086610576941622	0.01086610576941622
5.3	0.01086610576941622	0.01086610576941622	0.01086610576941622	0.01086610576941622
5.4	0.01086610576941622	0.01086610576941622	0.01086610576941622	0.01086610576941622
5.5	0.01086610576941622	0.01086610576941622	0.01086610576941622	0.01086610576941622
5.6	0.01086610576941622	0.01086610576941622	0.01086610576941622	0.01086610576941622
5.7	0.006856253046729024	0.006856253046729024	0.006856253046729024	0.006856253046729024
5.8	0.006856253046729025	0.006856253046729025	0.006856253046729025	0.006856253046729025
5.9	0.006179192722770774	0.006179192722770774	0.006179192722770774	0.006179192722770774
6.0	0.005730303863642524	0.005730303863642524	0.005730303863642524	0.005730303863642524
6.1	0.004679984368422423	0.004679984368422423	0.004679984368422423	0.004679984368422423
6.2	0.0044346700659143425	0.0044346700659143425	0.0044346700659143425	0.0044346700659143425
6.300000000000001	0.004245703550240543	0.004245703550240543	0.004245703550240543	0.004245703550240543
6.4	0.0035290354350921856	0.0035290354350921856	0.0035290354350921856	0.0035290354350921856
6.5	0.0032485205281469775	0.0032485205281469775	0.0032485205281469775	0.0032485205281469775
6.6	0.0030109795742939162	0.0030109795742939162	0.0030109795742939162	0.0030109795742939162
6.7	0.0027762400766591496	0.0027762400766591496	0.0027762400766591496	0.0027762400766591496
6.800000000000001	0.001960122972939583	0.001960122972939583	0.001960122972939583	0.001960122972939583
6.9	0.0014851478977108887	0.0014851478977108887	0.0014851478977108887	0.0014851478977108887
7.0	0.0012003905283065265	0.0012003905283065265	0.0012003905283065265	0.0012003905283065265
7.1	0.0008107718162917532	0.0008107718162917532	0.0008107718162917532	0.0008107718162917532
7.2	0.0006845831414640327	0.0006845831414640327	0.0006845831414640327	0.0006845831414640327
7.300000000000001	0.000512494908722544	0.000512494908722544	0.000512494908722544	0.000512494908722544
7.4	0.00044134736689856245	0.00044134736689856245	0.00044134736689856245	0.00044134736689856245
7.5	0.00039841228399638143	0.00039841228399638143	0.00039841228399638143	0.00039841228399638143
7.6	0.00037042188499283554	0.00037042188499283554	0.00037042188499283554	0.00037042188499283554
7.7	0.0003297289378084544	0.0003297289378084544	0.0003297289378084544	0.0003297289378084544
7.800000000000001	0.0002487523051314724	0.0002487523051314724	0.0002487523051314724	0.0002487523051314724
7.9	0.00021562688097153608	0.00021562688097153608	0.00021562688097153608	0.00021562688097153608
8.0	0.000157420968086599	0.000157420968086599	0.000157420968086599	0.000157420968086599
8.100000000000001	0.00012832437503738084	0.00012832437503738084	0.00012832437503738084	0.00012832437503738084
8.2	9.638748510093566e-05	9.638748510093566e-05	9.638748510093566e-05	9.638748510093566e-05
8.3	4.155363131866317e-05	4.155363131866317e-05	4.155363131866317e-05	4.155363131866317e-05
8.4	0.0	0.0	0.0	0.0
8.5	0.0	0.0	0.0	0.0
8.600000000000001	0.0	0.0	0.0	0.0
8.7	0.0	0.0	0.0	0.0
8.8	0.0	0.0	0.0	0.0
8.9	0.0	0.0	0.0	0.0
9.0	0.0	0.0	0.0	0.0
9.100000000000001	0.0	0.0	0.0	0.0
9.2	0.0	0.0	0.0	0.0
9.3	0.0	0.0	0.0	0.0
9.4	0.0	0.0	0.0	0.0
9.5	0.0	0.0	0.0	0.0
9.600000000000001	0.0	0.0	0.0	0.0
9.7	0.0	0.0	0.0	0.0
9.8	0.0	0.0	0.0	0.0
9.9	0.0	0.0	0.0	0.0
