4.0	0.0359856716178907	0.0359856716178907	0.0359856716178907	0.0359856716178907
4.1	0.0359856716178907	0.0359856716178907	0.0359856716178907	0.0359856716178907
4.2	0.0359856716178907	0.0359856716178907	0.0359856716178907	0.0359856716178907
4.3	0.0359856716178907	0.0359856716178907	0.0359856716178907	0.0359856716178907
4.4	0.0359856716178907	0.0359856716178907	0.0359856716178907	0.0359856716178907
4.5	0.0359856716178907	0.0359856716178907	0.0359856716178907	0.0359856716178907
4.6	0.0359856716178907	0.0359856716178907	0.0359856716178907	0.0359856716178907
4.7	0.0359856716178907	0.0359856716178907	0.0359856716178907	0.0359856716178907
4.8	0.0359856716178907	0.0359856716178907	0.0359856716178907	0.0359856716178907
4.9	0.0359856716178907	0.0359856716178907	0.0359856716178907	0.0359856716178907
5.0	0.0359856716178907	0.0359856716178907	0.0359856716178907	0.0359856716178907
5.1	0.0359856716178907	0.0359856716178907	0.0359856716178907	0.0359856716178907
5.2	0.0359856716178907	0.0359856716178907	0.0359856716178907	0.0359856716178907
5.3	0.0359856716178907	0.0359856716178907	0.0359856716178907	0.0359856716178907
5.4	0.0359856716178907	0.0359856716178907	0.0359856716178907	0.0359856716178907
5.5	0.0359856716178907	0.0359856716178907	0.0359856716178907	0.0359856716178907
5.6	0.03256851444506047	0.03256851444506047	0.03256851444506047	0.03256851444506047
5.7	0.030223788184287528	0.030223788184287528	0.030223788184287528	0.030223788184287528
5.8	0.01901261238949791	0.01901261238949791	0.01901261238949791	0.01901261238949791
5.9	0.019012612389497908	0.019012612389497908	0.019012612389497908	0.019012612389497908
6.0	0.017223280535910143	0.017223280535910143	0.017223280535910143	0.017223280535910143
6.1	0.015676069351391774	0.015676069351391774	0.015676069351391774	0.015676069351391774
6.2	0.012022724439798186	0.012022724439798186	0.012022724439798186	0.012022724439798186
6.300000000000001	0.012022724439798186	0.012022724439798186	0.012022724439798186	0.012022724439798186
6.4	0.01202272443979819	0.01202272443979819	0.01202272443979819	0.01202272443979819
6.5	0.010920202616406591	0.010920202616406591	0.010920202616406591	0.010920202616406591
6.6	0.00791623340028391	0.00791623340028391	0.00791623340028391	0.00791623340028391
6.7	0.00734115385828434	0.00734115385828434	0.00734115385828434	0.00734115385828434
6.800000000000001	0.006224753010249458	0.006224753010249458	0.006224753010249458	0.006224753010249458
6.9	0.005609451384366474	0.005609451384366474	0.005609451384366474	0.005609451384366474
7.0	0.0052933729433902055	0.0052933729433902055	0.0052933729433902055	0.0052933729433902055
7.1	0.004699840465560234	0.004699840465560234	0.004699840465560234	0.004699840465560234
7.2	0.003924388380910247	0.003924388380910247	0.003924388380910247	0.003924388380910247
7.300000000000001	0.003160607914765868	0.003160607914765868	0.003160607914765868	0.003160607914765868
7.4	0.002562656851488833	0.002562656851488833	0.002562656851488833	0.002562656851488833
7.5	0.0017070396107065548	0.0017070396107065548	0.0017070396107065548	0.0017070396107065548
7.6	0.0010145393893646992	0.0010145393893646992	0.0010145393893646992	0.0010145393893646992
7.7	0.0005067336499098994	0.0005067336499098994	0.0005067336499098994	0.0005067336499098994
7.800000000000001	0.00023341517531479296	0.00023341517531479296	0.00023341517531479296	0.00023341517531479296
7.9	0.0001263395557738653	0.0001263395557738653	0.0001263395557738653	0.0001263395557738653
8.0	0.0	0.0	0.0	0.0
8.100000000000001	0.0	0.0	0.0	0.0
8.2	0.0	0.0	0.0	0.0
8.3	0.0	0.0	0.0	0.0
8.4	0.0	0.0	0.0	0.0
8.5	0.0	0.0	0.0	0.0
8.600000000000001	0.0	0.0	0.0	0.0
8.7	0.0	0.0	0.0	0.0
8.8	0.0	0.0	0.0	0.0
8.9	0.0	0.0	0.0	0.0
9.0	0.0	0.0	0.0	0.0
9.100000000000001	0.0	0.0	0.0	0.0
9.2	0.0	0.0	0.0	0.0
9.3	0.0	0.0	0.0	0.0
9.4	0.0	0.0	0.0	0.0
9.5	0.0	0.0	0.0	0.0
9.600000000000001	0.0	0.0	0.0	0.0
9.7	0.0	0.0	0.0	0.0
9.8	0.0	0.0	0.0	0.0
9.9	0.0	0.0	0.0	0.0
