4.0	0.02141417697872975	0.02141417697872975	0.02141417697872975	0.02141417697872975
4.1	0.02141417697872975	0.02141417697872975	0.02141417697872975	0.02141417697872975
4.2	0.02141417697872975	0.02141417697872975	0.02141417697872975	0.02141417697872975
4.3	0.02141417697872975	0.02141417697872975	0.02141417697872975	0.02141417697872975
4.4	0.02141417697872975	0.02141417697872975	0.02141417697872975	0.02141417697872975
4.5	0.02141417697872975	0.02141417697872975	0.02141417697872975	0.02141417697872975
4.6	0.02141417697872975	0.02141417697872975	0.02141417697872975	0.02141417697872975
4.7	0.02141417697872975	0.02141417697872975	0.02141417697872975	0.02141417697872975
4.8	0.02141417697872975	0.02141417697872975	0.02141417697872975	0.02141417697872975
4.9	0.02141417697872975	0.02141417697872975	0.02141417697872975	0.02141417697872975
5.0	0.02141417697872975	0.02141417697872975	0.02141417697872975	0.02141417697872975
5.1	0.02141417697872975	0.02141417697872975	0.02141417697872975	0.02141417697872975
5.2	0.02141417697872975	0.02141417697872975	0.02141417697872975	0.02141417697872975
5.3	0.02141417697872975	0.02141417697872975	0.02141417697872975	0.02141417697872975
5.4	0.02141417697872975	0.02141417697872975	0.02141417697872975	0.02141417697872975
5.5	0.02141417697872975	0.02141417697872975	0.02141417697872975	0.02141417697872975
5.6	0.00910815437754091	0.00910815437754091	0.00910815437754091	0.00910815437754091
5.7	0.00910815437754091	0.00910815437754091	0.00910815437754091	0.00910815437754091
5.8	0.00910815437754091	0.00910815437754091	0.00910815437754091	0.00910815437754091
5.9	0.00910815437754091	0.00910815437754091	0.00910815437754091	0.00910815437754091
6.0	0.005934315354892968	0.005934315354892968	0.005934315354892968	0.005934315354892968
6.1	0.004902348775570343	0.004902348775570343	0.004902348775570343	0.004902348775570343
6.2	0.003280572818832964	0.003280572818832964	0.003280572818832964	0.003280572818832964
6.300000000000001	0.003280572818832964	0.003280572818832964	0.003280572818832964	0.003280572818832964
6.4	0.003280572818832964	0.003280572818832964	0.003280572818832964	0.003280572818832964
6.5	0.002712498705253601	0.002712498705253601	0.002712498705253601	0.002712498705253601
6.6	0.001905029880737892	0.001905029880737892	0.001905029880737892	0.001905029880737892
6.7	0.0013523257474296337	0.0013523257474296337	0.0013523257474296337	0.0013523257474296337
6.800000000000001	0.0008452404594112386	0.0008452404594112386	0.0008452404594112386	0.0008452404594112386
6.9	0.0004362002315349237	0.0004362002315349237	0.0004362002315349237	0.0004362002315349237
7.0	0.0	0.0	0.0	0.0
7.1	0.0	0.0	0.0	0.0
7.2	0.0	0.0	0.0	0.0
7.300000000000001	0.0	0.0	0.0	0.0
7.4	0.0	0.0	0.0	0.0
7.5	0.0	0.0	0.0	0.0
7.6	0.0	0.0	0.0	0.0
7.7	0.0	0.0	0.0	0.0
7.800000000000001	0.0	0.0	0.0	0.0
7.9	0.0	0.0	0.0	0.0
8.0	0.0	0.0	0.0	0.0
8.100000000000001	0.0	0.0	0.0	0.0
8.2	0.0	0.0	0.0	0.0
8.3	0.0	0.0	0.0	0.0
8.4	0.0	0.0	0.0	0.0
8.5	0.0	0.0	0.0	0.0
8.600000000000001	0.0	0.0	0.0	0.0
8.7	0.0	0.0	0.0	0.0
8.8	0.0	0.0	0.0	0.0
8.9	0.0	0.0	0.0	0.0
9.0	0.0	0.0	0.0	0.0
9.100000000000001	0.0	0.0	0.0	0.0
9.2	0.0	0.0	0.0	0.0
9.3	0.0	0.0	0.0	0.0
9.4	0.0	0.0	0.0	0.0
9.5	0.0	0.0	0.0	0.0
9.600000000000001	0.0	0.0	0.0	0.0
9.7	0.0	0.0	0.0	0.0
9.8	0.0	0.0	0.0	0.0
9.9	0.0	0.0	0.0	0.0
