4.0	0.15541234907943388	0.15541234907943388	0.15541234907943388	0.15541234907943388
4.1	0.15541234907943388	0.15541234907943388	0.15541234907943388	0.15541234907943388
4.2	0.15541234907943388	0.15541234907943388	0.15541234907943388	0.15541234907943388
4.3	0.15541234907943394	0.15541234907943394	0.15541234907943394	0.15541234907943394
4.4	0.15541234907943388	0.15541234907943388	0.15541234907943388	0.15541234907943388
4.5	0.15541234907943388	0.15541234907943388	0.15541234907943388	0.15541234907943388
4.6	0.15541234907943388	0.15541234907943388	0.15541234907943388	0.15541234907943388
4.7	0.15541234907943394	0.15541234907943394	0.15541234907943394	0.15541234907943394
4.8	0.15541234907943388	0.15541234907943388	0.15541234907943388	0.15541234907943388
4.9	0.15541234907943388	0.15541234907943388	0.15541234907943388	0.15541234907943388
5.0	0.15541234907943388	0.15541234907943388	0.15541234907943388	0.15541234907943388
5.1	0.15541234907943394	0.15541234907943394	0.15541234907943394	0.15541234907943394
5.2	0.15541234907943388	0.15541234907943388	0.15541234907943388	0.15541234907943388
5.3	0.15541234907943388	0.15541234907943388	0.15541234907943388	0.15541234907943388
5.4	0.15541234907943388	0.15541234907943388	0.15541234907943388	0.15541234907943388
5.5	0.15541234907943394	0.15541234907943394	0.15541234907943394	0.15541234907943394
5.6	0.1181775259241926	0.1181775259241926	0.1181775259241926	0.1181775259241926
5.7	0.10091370629499304	0.10091370629499304	0.10091370629499304	0.10091370629499304
5.8	0.07763800548585491	0.07763800548585491	0.07763800548585491	0.07763800548585491
5.9	0.061146368976765904	0.061146368976765904	0.061146368976765904	0.061146368976765904
6.0	0.0525009514651395	0.0525009514651395	0.0525009514651395	0.0525009514651395
6.1	0.045232140574262454	0.045232140574262454	0.045232140574262454	0.045232140574262454
6.2	0.038290686917815266	0.038290686917815266	0.038290686917815266	0.038290686917815266
6.300000000000001	0.03349918007744877	0.03349918007744877	0.03349918007744877	0.03349918007744877
6.4	0.028111988970148147	0.028111988970148147	0.028111988970148147	0.028111988970148147
6.5	0.02563145253737955	0.02563145253737955	0.02563145253737955	0.02563145253737955
6.6	0.022233028525963257	0.022233028525963257	0.022233028525963257	0.022233028525963257
6.7	0.019386586703091475	0.019386586703091475	0.019386586703091475	0.019386586703091475
6.800000000000001	0.01595186182985904	0.01595186182985904	0.01595186182985904	0.01595186182985904
6.9	0.013213982524730529	0.013213982524730529	0.013213982524730529	0.013213982524730529
7.0	0.011035598695613574	0.011035598695613574	0.011035598695613574	0.011035598695613574
7.1	0.00952131042768838	0.00952131042768838	0.00952131042768838	0.00952131042768838
7.2	0.007642900080643338	0.007642900080643338	0.007642900080643338	0.007642900080643338
7.300000000000001	0.006304705309952523	0.006304705309952523	0.006304705309952523	0.006304705309952523
7.4	0.005087744823636115	0.005087744823636115	0.005087744823636115	0.005087744823636115
7.5	0.0038126332531185398	0.0038126332531185398	0.0038126332531185398	0.0038126332531185398
7.6	0.002942027309792672	0.002942027309792672	0.002942027309792672	0.002942027309792672
7.7	0.0023000438126085116	0.0023000438126085116	0.0023000438126085116	0.0023000438126085116
7.800000000000001	0.0014484552345602978	0.0014484552345602978	0.0014484552345602978	0.0014484552345602978
7.9	0.0009758846524596106	0.0009758846524596106	0.0009758846524596106	0.0009758846524596106
8.0	0.0005305724997386446	0.0005305724997386446	0.0005305724997386446	0.0005305724997386446
8.100000000000001	0.00023177034190307861	0.00023177034190307861	0.00023177034190307861	0.00023177034190307861
8.2	0.0	0.0	0.0	0.0
8.3	0.0	0.0	0.0	0.0
8.4	0.0	0.0	0.0	0.0
8.5	0.0	0.0	0.0	0.0
8.600000000000001	0.0	0.0	0.0	0.0
8.7	0.0	0.0	0.0	0.0
8.8	0.0	0.0	0.0	0.0
8.9	0.0	0.0	0.0	0.0
9.0	0.0	0.0	0.0	0.0
9.100000000000001	0.0	0.0	0.0	0.0
9.2	0.0	0.0	0.0	0.0
9.3	0.0	0.0	0.0	0.0
9.4	0.0	0.0	0.0	0.0
9.5	0.0	0.0	0.0	0.0
9.600000000000001	0.0	0.0	0.0	0.0
9.7	0.0	0.0	0.0	0.0
9.8	0.0	0.0	0.0	0.0
9.9	0.0	0.0	0.0	0.0
