4.0	0.0029864394579503053	0.0029864394579503053	0.0029864394579503053	0.0029864394579503053
4.1	0.0029864394579503053	0.0029864394579503053	0.0029864394579503053	0.0029864394579503053
4.2	0.0029864394579503053	0.0029864394579503053	0.0029864394579503053	0.0029864394579503053
4.3	0.0029864394579503053	0.0029864394579503053	0.0029864394579503053	0.0029864394579503053
4.4	0.0029864394579503053	0.0029864394579503053	0.0029864394579503053	0.0029864394579503053
4.5	0.0029864394579503053	0.0029864394579503053	0.0029864394579503053	0.0029864394579503053
4.6	0.0029864394579503053	0.0029864394579503053	0.0029864394579503053	0.0029864394579503053
4.7	0.0029864394579503053	0.0029864394579503053	0.0029864394579503053	0.0029864394579503053
4.8	0.0029864394579503053	0.0029864394579503053	0.0029864394579503053	0.0029864394579503053
4.9	0.0029864394579503053	0.0029864394579503053	0.0029864394579503053	0.0029864394579503053
5.0	0.0029864394579503053	0.0029864394579503053	0.0029864394579503053	0.0029864394579503053
5.1	0.0029864394579503053	0.0029864394579503053	0.0029864394579503053	0.0029864394579503053
5.2	0.0029864394579503053	0.0029864394579503053	0.0029864394579503053	0.0029864394579503053
5.3	0.0029864394579503053	0.0029864394579503053	0.0029864394579503053	0.0029864394579503053
5.4	0.0029864394579503053	0.0029864394579503053	0.0029864394579503053	0.0029864394579503053
5.5	0.0029864394579503053	0.0029864394579503053	0.0029864394579503053	0.0029864394579503053
5.6	0.0029864394579503053	0.0029864394579503053	0.0029864394579503053	0.0029864394579503053
5.7	0.0018208221193667128	0.0018208221193667128	0.0018208221193667128	0.0018208221193667128
5.8	0.0013467745706753612	0.0013467745706753612	0.0013467745706753612	0.0013467745706753612
5.9	0.0013467745706753612	0.0013467745706753612	0.0013467745706753612	0.0013467745706753612
6.0	0.0009639961925333737	0.0009639961925333737	0.0009639961925333737	0.0009639961925333737
6.1	0.0009639961925333737	0.0009639961925333737	0.0009639961925333737	0.0009639961925333737
6.2	0.0009639961925333735	0.0009639961925333735	0.0009639961925333735	0.0009639961925333735
6.300000000000001	0.0008024233017833999	0.0008024233017833999	0.0008024233017833999	0.0008024233017833999
6.4	0.0006791971140847706	0.0006791971140847706	0.0006791971140847706	0.0006791971140847706
6.5	0.00047193464217196884	0.00047193464217196884	0.00047193464217196884	0.00047193464217196884
6.6	0.0004435272992518632	0.0004435272992518632	0.0004435272992518632	0.0004435272992518632
6.7	0.00030197779402688855	0.00030197779402688855	0.00030197779402688855	0.00030197779402688855
6.800000000000001	0.00021819618499754802	0.00021819618499754802	0.00021819618499754802	0.00021819618499754802
6.9	0.00020404639056862444	0.00020404639056862444	0.00020404639056862444	0.00020404639056862444
7.0	0.00014708611572475735	0.00014708611572475735	0.00014708611572475735	0.00014708611572475735
7.1	0.00013484423851967638	0.00013484423851967638	0.00013484423851967638	0.00013484423851967638
7.2	0.00013051094583953367	0.00013051094583953367	0.00013051094583953367	0.00013051094583953367
7.300000000000001	8.165229524541684e-05	8.165229524541684e-05	8.165229524541684e-05	8.165229524541684e-05
7.4	7.907566356809584e-05	7.907566356809584e-05	7.907566356809584e-05	7.907566356809584e-05
7.5	5.2375838153746914e-05	5.2375838153746914e-05	5.2375838153746914e-05	5.2375838153746914e-05
7.6	3.0487523846644673e-05	3.0487523846644673e-05	3.0487523846644673e-05	3.0487523846644673e-05
7.7	2.616548369954237e-05	2.616548369954237e-05	2.616548369954237e-05	2.616548369954237e-05
7.800000000000001	6.4733727608561775e-06	6.4733727608561775e-06	6.4733727608561775e-06	6.4733727608561775e-06
7.9	1.5807098688957756e-06	1.5807098688957756e-06	1.5807098688957756e-06	1.5807098688957756e-06
8.0	0.0	0.0	0.0	0.0
8.100000000000001	0.0	0.0	0.0	0.0
8.2	0.0	0.0	0.0	0.0
8.3	0.0	0.0	0.0	0.0
8.4	0.0	0.0	0.0	0.0
8.5	0.0	0.0	0.0	0.0
8.600000000000001	0.0	0.0	0.0	0.0
8.7	0.0	0.0	0.0	0.0
8.8	0.0	0.0	0.0	0.0
8.9	0.0	0.0	0.0	0.0
9.0	0.0	0.0	0.0	0.0
9.100000000000001	0.0	0.0	0.0	0.0
9.2	0.0	0.0	0.0	0.0
9.3	0.0	0.0	0.0	0.0
9.4	0.0	0.0	0.0	0.0
9.5	0.0	0.0	0.0	0.0
9.600000000000001	0.0	0.0	0.0	0.0
9.7	0.0	0.0	0.0	0.0
9.8	0.0	0.0	0.0	0.0
9.9	0.0	0.0	0.0	0.0
