4.0	0.0015869039291101356	0.0015869039291101356	0.0015869039291101356	0.0015869039291101356
4.1	0.0015869039291101356	0.0015869039291101356	0.0015869039291101356	0.0015869039291101356
4.2	0.0015869039291101356	0.0015869039291101356	0.0015869039291101356	0.0015869039291101356
4.3	0.0015869039291101356	0.0015869039291101356	0.0015869039291101356	0.0015869039291101356
4.4	0.0015869039291101356	0.0015869039291101356	0.0015869039291101356	0.0015869039291101356
4.5	0.0015869039291101356	0.0015869039291101356	0.0015869039291101356	0.0015869039291101356
4.6	0.0015869039291101356	0.0015869039291101356	0.0015869039291101356	0.0015869039291101356
4.7	0.0015869039291101356	0.0015869039291101356	0.0015869039291101356	0.0015869039291101356
4.8	0.0015869039291101356	0.0015869039291101356	0.0015869039291101356	0.0015869039291101356
4.9	0.0015869039291101356	0.0015869039291101356	0.0015869039291101356	0.0015869039291101356
5.0	0.0015869039291101356	0.0015869039291101356	0.0015869039291101356	0.0015869039291101356
5.1	0.0015869039291101356	0.0015869039291101356	0.0015869039291101356	0.0015869039291101356
5.2	0.0015869039291101356	0.0015869039291101356	0.0015869039291101356	0.0015869039291101356
5.3	0.0015869039291101356	0.0015869039291101356	0.0015869039291101356	0.0015869039291101356
5.4	0.0015869039291101356	0.0015869039291101356	0.0015869039291101356	0.0015869039291101356
5.5	0.0015869039291101356	0.0015869039291101356	0.0015869039291101356	0.0015869039291101356
5.6	0.0007853663168220276	0.0007853663168220276	0.0007853663168220276	0.0007853663168220276
5.7	0.0007538415849528778	0.0007538415849528778	0.0007538415849528778	0.0007538415849528778
5.8	0.0007538415849528778	0.0007538415849528778	0.0007538415849528778	0.0007538415849528778
5.9	0.0006485096305772727	0.0006485096305772727	0.0006485096305772727	0.0006485096305772727
6.0	0.00040615936312853127	0.00040615936312853127	0.00040615936312853127	0.00040615936312853127
6.1	0.0004061593631285314	0.0004061593631285314	0.0004061593631285314	0.0004061593631285314
6.2	0.00035944287847027555	0.00035944287847027555	0.00035944287847027555	0.00035944287847027555
6.300000000000001	0.0003541512403302662	0.0003541512403302662	0.0003541512403302662	0.0003541512403302662
6.4	0.0003541512403302662	0.0003541512403302662	0.0003541512403302662	0.0003541512403302662
6.5	0.00032497812404204017	0.00032497812404204017	0.00032497812404204017	0.00032497812404204017
6.6	0.00031277408763218686	0.00031277408763218686	0.00031277408763218686	0.00031277408763218686
6.7	0.0003031373919500345	0.0003031373919500345	0.0003031373919500345	0.0003031373919500345
6.800000000000001	0.00029325688024279146	0.00029325688024279146	0.00029325688024279146	0.00029325688024279146
6.9	0.00024861017688664424	0.00024861017688664424	0.00024861017688664424	0.00024861017688664424
7.0	0.00021690200163560175	0.00021690200163560175	0.00021690200163560175	0.00021690200163560175
7.1	0.0002010226766755227	0.0002010226766755227	0.0002010226766755227	0.0002010226766755227
7.2	0.000176675594788286	0.000176675594788286	0.000176675594788286	0.000176675594788286
7.300000000000001	0.00016007098443992422	0.00016007098443992422	0.00016007098443992422	0.00016007098443992422
7.4	0.00014013376200706397	0.00014013376200706397	0.00014013376200706397	0.00014013376200706397
7.5	0.00010442726031057309	0.00010442726031057309	0.00010442726031057309	0.00010442726031057309
7.6	6.135865335858471e-05	6.135865335858471e-05	6.135865335858471e-05	6.135865335858471e-05
7.7	3.6733353344436435e-05	3.6733353344436435e-05	3.6733353344436435e-05	3.6733353344436435e-05
7.800000000000001	1.3286651353825076e-05	1.3286651353825076e-05	1.3286651353825076e-05	1.3286651353825076e-05
7.9	4.7639241348926236e-06	4.7639241348926236e-06	4.7639241348926236e-06	4.7639241348926236e-06
8.0	0.0	0.0	0.0	0.0
8.100000000000001	0.0	0.0	0.0	0.0
8.2	0.0	0.0	0.0	0.0
8.3	0.0	0.0	0.0	0.0
8.4	0.0	0.0	0.0	0.0
8.5	0.0	0.0	0.0	0.0
8.600000000000001	0.0	0.0	0.0	0.0
8.7	0.0	0.0	0.0	0.0
8.8	0.0	0.0	0.0	0.0
8.9	0.0	0.0	0.0	0.0
9.0	0.0	0.0	0.0	0.0
9.100000000000001	0.0	0.0	0.0	0.0
9.2	0.0	0.0	0.0	0.0
9.3	0.0	0.0	0.0	0.0
9.4	0.0	0.0	0.0	0.0
9.5	0.0	0.0	0.0	0.0
9.600000000000001	0.0	0.0	0.0	0.0
9.7	0.0	0.0	0.0	0.0
9.8	0.0	0.0	0.0	0.0
9.9	0.0	0.0	0.0	0.0
