4.0	0.0031981142264024356	0.0031981142264024356	0.0031981142264024356	0.0031981142264024356
4.1	0.0031981142264024356	0.0031981142264024356	0.0031981142264024356	0.0031981142264024356
4.2	0.0031981142264024356	0.0031981142264024356	0.0031981142264024356	0.0031981142264024356
4.3	0.0031981142264024356	0.0031981142264024356	0.0031981142264024356	0.0031981142264024356
4.4	0.0031981142264024356	0.0031981142264024356	0.0031981142264024356	0.0031981142264024356
4.5	0.0031981142264024356	0.0031981142264024356	0.0031981142264024356	0.0031981142264024356
4.6	0.0031981142264024356	0.0031981142264024356	0.0031981142264024356	0.0031981142264024356
4.7	0.0031981142264024356	0.0031981142264024356	0.0031981142264024356	0.0031981142264024356
4.8	0.0031981142264024356	0.0031981142264024356	0.0031981142264024356	0.0031981142264024356
4.9	0.0031981142264024356	0.0031981142264024356	0.0031981142264024356	0.0031981142264024356
5.0	0.0031981142264024356	0.0031981142264024356	0.0031981142264024356	0.0031981142264024356
5.1	0.0031981142264024356	0.0031981142264024356	0.0031981142264024356	0.0031981142264024356
5.2	0.0031981142264024356	0.0031981142264024356	0.0031981142264024356	0.0031981142264024356
5.3	0.0031981142264024356	0.0031981142264024356	0.0031981142264024356	0.0031981142264024356
5.4	0.0031981142264024356	0.0031981142264024356	0.0031981142264024356	0.0031981142264024356
5.5	0.0031981142264024356	0.0031981142264024356	0.0031981142264024356	0.0031981142264024356
5.6	0.0023438096154762777	0.0023438096154762777	0.0023438096154762777	0.0023438096154762777
5.7	0.0023438096154762777	0.0023438096154762777	0.0023438096154762777	0.0023438096154762777
5.8	0.0017529397562936306	0.0017529397562936306	0.0017529397562936306	0.0017529397562936306
5.9	0.0017529397562936306	0.0017529397562936306	0.0017529397562936306	0.0017529397562936306
6.0	0.0014911379847051302	0.0014911379847051302	0.0014911379847051302	0.0014911379847051302
6.1	0.0011872995248028704	0.0011872995248028704	0.0011872995248028704	0.0011872995248028704
6.2	0.0010410307381641998	0.0010410307381641998	0.0010410307381641998	0.0010410307381641998
6.300000000000001	0.0008537263908229776	0.0008537263908229776	0.0008537263908229776	0.0008537263908229776
6.4	0.0007254373058754339	0.0007254373058754339	0.0007254373058754339	0.0007254373058754339
6.5	0.0005781382188491784	0.0005781382188491784	0.0005781382188491784	0.0005781382188491784
6.6	0.0004464881848198388	0.0004464881848198388	0.0004464881848198388	0.0004464881848198388
6.7	0.0004464881848198388	0.0004464881848198388	0.0004464881848198388	0.0004464881848198388
6.800000000000001	0.0003583656206078631	0.0003583656206078631	0.0003583656206078631	0.0003583656206078631
6.9	0.0003081003309172268	0.0003081003309172268	0.0003081003309172268	0.0003081003309172268
7.0	0.0002649439331208863	0.0002649439331208863	0.0002649439331208863	0.0002649439331208863
7.1	0.00018043604841242017	0.00018043604841242017	0.00018043604841242017	0.00018043604841242017
7.2	0.00015569278267982243	0.00015569278267982243	0.00015569278267982243	0.00015569278267982243
7.300000000000001	0.0001402674610474335	0.0001402674610474335	0.0001402674610474335	0.0001402674610474335
7.4	0.00010477677709932055	0.00010477677709932055	0.00010477677709932055	0.00010477677709932055
7.5	8.81721119990232e-05	8.81721119990232e-05	8.81721119990232e-05	8.81721119990232e-05
7.6	6.12586913706434e-05	6.12586913706434e-05	6.12586913706434e-05	6.12586913706434e-05
7.7	4.838129208609361e-05	4.838129208609361e-05	4.838129208609361e-05	4.838129208609361e-05
7.800000000000001	4.32233943917206e-05	4.32233943917206e-05	4.32233943917206e-05	4.32233943917206e-05
7.9	1.0993118059799895e-05	1.0993118059799895e-05	1.0993118059799895e-05	1.0993118059799895e-05
8.0	3.84276628484778e-06	3.84276628484778e-06	3.84276628484778e-06	3.84276628484778e-06
8.100000000000001	9.821022797812088e-08	9.821022797812088e-08	9.821022797812088e-08	9.821022797812088e-08
8.2	0.0	0.0	0.0	0.0
8.3	0.0	0.0	0.0	0.0
8.4	0.0	0.0	0.0	0.0
8.5	0.0	0.0	0.0	0.0
8.600000000000001	0.0	0.0	0.0	0.0
8.7	0.0	0.0	0.0	0.0
8.8	0.0	0.0	0.0	0.0
8.9	0.0	0.0	0.0	0.0
9.0	0.0	0.0	0.0	0.0
9.100000000000001	0.0	0.0	0.0	0.0
9.2	0.0	0.0	0.0	0.0
9.3	0.0	0.0	0.0	0.0
9.4	0.0	0.0	0.0	0.0
9.5	0.0	0.0	0.0	0.0
9.600000000000001	0.0	0.0	0.0	0.0
9.7	0.0	0.0	0.0	0.0
9.8	0.0	0.0	0.0	0.0
9.9	0.0	0.0	0.0	0.0
