4.0	0.0022819173824591356	0.0022819173824591356	0.0022819173824591356	0.0022819173824591356
4.1	0.002281917382459136	0.002281917382459136	0.002281917382459136	0.002281917382459136
4.2	0.0022819173824591356	0.0022819173824591356	0.0022819173824591356	0.0022819173824591356
4.3	0.002281917382459136	0.002281917382459136	0.002281917382459136	0.002281917382459136
4.4	0.0022819173824591356	0.0022819173824591356	0.0022819173824591356	0.0022819173824591356
4.5	0.002281917382459136	0.002281917382459136	0.002281917382459136	0.002281917382459136
4.6	0.0022819173824591356	0.0022819173824591356	0.0022819173824591356	0.0022819173824591356
4.7	0.002281917382459136	0.002281917382459136	0.002281917382459136	0.002281917382459136
4.8	0.0022819173824591356	0.0022819173824591356	0.0022819173824591356	0.0022819173824591356
4.9	0.002281917382459136	0.002281917382459136	0.002281917382459136	0.002281917382459136
5.0	0.0022819173824591356	0.0022819173824591356	0.0022819173824591356	0.0022819173824591356
5.1	0.002281917382459136	0.002281917382459136	0.002281917382459136	0.002281917382459136
5.2	0.0022819173824591356	0.0022819173824591356	0.0022819173824591356	0.0022819173824591356
5.3	0.002281917382459136	0.002281917382459136	0.002281917382459136	0.002281917382459136
5.4	0.0022819173824591356	0.0022819173824591356	0.0022819173824591356	0.0022819173824591356
5.5	0.002281917382459136	0.002281917382459136	0.002281917382459136	0.002281917382459136
5.6	0.0020486989610780525	0.0020486989610780525	0.0020486989610780525	0.0020486989610780525
5.7	0.0019764302724790757	0.0019764302724790757	0.0019764302724790757	0.0019764302724790757
5.8	0.0019472087486183491	0.0019472087486183491	0.0019472087486183491	0.0019472087486183491
5.9	0.000928344009553672	0.000928344009553672	0.000928344009553672	0.000928344009553672
6.0	0.000928344009553672	0.000928344009553672	0.000928344009553672	0.000928344009553672
6.1	0.0008142939424381374	0.0008142939424381374	0.0008142939424381374	0.0008142939424381374
6.2	0.0007586045767035051	0.0007586045767035051	0.0007586045767035051	0.0007586045767035051
6.300000000000001	0.0007290357879233604	0.0007290357879233604	0.0007290357879233604	0.0007290357879233604
6.4	0.000703271973318747	0.000703271973318747	0.000703271973318747	0.000703271973318747
6.5	0.0005914929945171594	0.0005914929945171594	0.0005914929945171594	0.0005914929945171594
6.6	0.000561992938362234	0.000561992938362234	0.000561992938362234	0.000561992938362234
6.7	0.000528768862988121	0.000528768862988121	0.000528768862988121	0.000528768862988121
6.800000000000001	0.0005014276939402648	0.0005014276939402648	0.0005014276939402648	0.0005014276939402648
6.9	0.00045872072610187646	0.00045872072610187646	0.00045872072610187646	0.00045872072610187646
7.0	0.00042135838630322697	0.00042135838630322697	0.00042135838630322697	0.00042135838630322697
7.1	0.0004144146126490984	0.0004144146126490984	0.0004144146126490984	0.0004144146126490984
7.2	0.00037300081987128416	0.00037300081987128416	0.00037300081987128416	0.00037300081987128416
7.300000000000001	0.0003405760101848539	0.0003405760101848539	0.0003405760101848539	0.0003405760101848539
7.4	0.0002767763049130339	0.0002767763049130339	0.0002767763049130339	0.0002767763049130339
7.5	0.00026978409325288725	0.00026978409325288725	0.00026978409325288725	0.00026978409325288725
7.6	0.00023179870649260218	0.00023179870649260218	0.00023179870649260218	0.00023179870649260218
7.7	0.0002105971638380396	0.0002105971638380396	0.0002105971638380396	0.0002105971638380396
7.800000000000001	0.0001524839917355147	0.0001524839917355147	0.0001524839917355147	0.0001524839917355147
7.9	0.00012242847793270107	0.00012242847793270107	0.00012242847793270107	0.00012242847793270107
8.0	8.926400693940893e-05	8.926400693940893e-05	8.926400693940893e-05	8.926400693940893e-05
8.100000000000001	3.9663387627412356e-05	3.9663387627412356e-05	3.9663387627412356e-05	3.9663387627412356e-05
8.2	0.0	0.0	0.0	0.0
8.3	0.0	0.0	0.0	0.0
8.4	0.0	0.0	0.0	0.0
8.5	0.0	0.0	0.0	0.0
8.600000000000001	0.0	0.0	0.0	0.0
8.7	0.0	0.0	0.0	0.0
8.8	0.0	0.0	0.0	0.0
8.9	0.0	0.0	0.0	0.0
9.0	0.0	0.0	0.0	0.0
9.100000000000001	0.0	0.0	0.0	0.0
9.2	0.0	0.0	0.0	0.0
9.3	0.0	0.0	0.0	0.0
9.4	0.0	0.0	0.0	0.0
9.5	0.0	0.0	0.0	0.0
9.600000000000001	0.0	0.0	0.0	0.0
9.7	0.0	0.0	0.0	0.0
9.8	0.0	0.0	0.0	0.0
9.9	0.0	0.0	0.0	0.0
