set_test	[3.12656440e+01 3.12656440e+01 3.12656440e+01 3.12656440e+01
 3.12656440e+01 3.12656440e+01 3.12656440e+01 3.12656440e+01
 3.12656440e+01 3.12656440e+01 3.12656440e+01 3.12656440e+01
 3.12656440e+01 3.12656440e+01 3.12656440e+01 3.12656440e+01
 2.49989755e+01 2.00211147e+01 1.60367995e+01 1.28339795e+01
 1.02803719e+01 8.23648321e+00 6.59957006e+00 5.28879840e+00
 4.23755123e+00 3.39643342e+00 2.72199524e+00 2.18201079e+00
 1.74894502e+00 1.40210225e+00 1.12409297e+00 9.01199951e-01
 7.22479699e-01 5.79176462e-01 4.64244129e-01 3.72052945e-01
 2.97643561e-01 2.37286242e-01 1.88644319e-01 1.49603386e-01
 1.18266492e-01 9.31105920e-02 7.29114254e-02 5.66900615e-02
 4.36656711e-02 3.32039773e-02 2.48008579e-02 1.80497996e-02
 1.26252052e-02 8.26589705e-03 4.76214286e-03 2.07170797e-03
 0.00000000e+00 0.00000000e+00 0.00000000e+00 0.00000000e+00
 0.00000000e+00 0.00000000e+00 0.00000000e+00 0.00000000e+00]
