4.0	0.1804075678173167	0.255594280030358	0.25157435347103346	0.3073851537746081
4.1	0.1804075678173167	0.25559428003035795	0.25157435347103346	0.3073851537746081
4.2	0.1804075678173167	0.255594280030358	0.25157435347103346	0.3073851537746081
4.3	0.1804075678173167	0.255594280030358	0.25157435347103346	0.3073851537746081
4.4	0.1804075678173167	0.255594280030358	0.25157435347103346	0.3073851537746081
4.5	0.1804075678173167	0.25559428003035795	0.25157435347103346	0.3073851537746081
4.6	0.1505413538713188	0.19380211324553467	0.1992226566116693	0.2435332480969574
4.7	0.11773222588386092	0.1500566092622575	0.15547715262839212	0.1976004689145164
4.8	0.08727893817198559	0.11521598349019674	0.11762560857973352	0.15011398638074466
4.9	0.06718130739072675	0.08963718067768549	0.09052425798076326	0.11503448538072925
5.0	0.05217719987642387	0.06958858874047043	0.06982893727137998	0.0880433835437173
5.1	0.0399207189725069	0.055566580106208886	0.05563562112659084	0.07163914014121177
5.2	0.03221197008744993	0.04215211167142323	0.042670332957384594	0.05382382461450209
5.3	0.02523614204938643	0.03165828481172106	0.03211480368926219	0.03902779425279333
5.4	0.019620718035126567	0.023471458381364614	0.023504904782578172	0.027136386706203323
5.5	0.01260355726450939	0.014830961431969509	0.014036040733299969	0.015778793037030295
5.6	0.0	0.008949212381495925	0.006871227818075	0.011450377123343843
5.7	0.0	0.00554846639450912	0.004949902401698274	0.009121730718695256
5.8	0.0	0.0026920585137057114	0.0032632615577953094	0.006771315091062734
5.9	0.0	0.00046765840423965957	0.0013470034548353873	0.0035242686975045256
6.0	0.0	0.00030404752836640396	0.000419875158220272	0.000955577946294412
6.1	0.0	0.0	0.0	0.0
6.2	0.0	0.0	0.0	0.0
6.300000000000001	0.0	0.0	0.0	0.0
6.4	0.0	0.0	0.0	0.0
6.5	0.0	0.0	0.0	0.0
6.6	0.0	0.0	0.0	0.0
6.7	0.0	0.0	0.0	0.0
6.800000000000001	0.0	0.0	0.0	0.0
6.9	0.0	0.0	0.0	0.0
7.0	0.0	0.0	0.0	0.0
7.1	0.0	0.0	0.0	0.0
7.2	0.0	0.0	0.0	0.0
7.300000000000001	0.0	0.0	0.0	0.0
7.4	0.0	0.0	0.0	0.0
7.5	0.0	0.0	0.0	0.0
7.6	0.0	0.0	0.0	0.0
7.7	0.0	0.0	0.0	0.0
7.800000000000001	0.0	0.0	0.0	0.0
7.9	0.0	0.0	0.0	0.0
8.0	0.0	0.0	0.0	0.0
8.100000000000001	0.0	0.0	0.0	0.0
8.2	0.0	0.0	0.0	0.0
8.3	0.0	0.0	0.0	0.0
8.4	0.0	0.0	0.0	0.0
8.5	0.0	0.0	0.0	0.0
8.600000000000001	0.0	0.0	0.0	0.0
8.7	0.0	0.0	0.0	0.0
8.8	0.0	0.0	0.0	0.0
8.9	0.0	0.0	0.0	0.0
9.0	0.0	0.0	0.0	0.0
9.100000000000001	0.0	0.0	0.0	0.0
9.2	0.0	0.0	0.0	0.0
9.3	0.0	0.0	0.0	0.0
9.4	0.0	0.0	0.0	0.0
9.5	0.0	0.0	0.0	0.0
9.600000000000001	0.0	0.0	0.0	0.0
9.7	0.0	0.0	0.0	0.0
9.8	0.0	0.0	0.0	0.0
9.9	0.0	0.0	0.0	0.0
