4.0	0.005742522880477119	0.005742522880477119	0.005742522880477119	0.005742522880477119
4.1	0.005742522880477119	0.005742522880477119	0.005742522880477119	0.005742522880477119
4.2	0.005742522880477119	0.005742522880477119	0.005742522880477119	0.005742522880477119
4.3	0.005742522880477119	0.005742522880477119	0.005742522880477119	0.005742522880477119
4.4	0.005742522880477119	0.005742522880477119	0.005742522880477119	0.005742522880477119
4.5	0.005742522880477119	0.005742522880477119	0.005742522880477119	0.005742522880477119
4.6	0.005742522880477119	0.005742522880477119	0.005742522880477119	0.005742522880477119
4.7	0.005742522880477119	0.005742522880477119	0.005742522880477119	0.005742522880477119
4.8	0.005742522880477119	0.005742522880477119	0.005742522880477119	0.005742522880477119
4.9	0.005742522880477119	0.005742522880477119	0.005742522880477119	0.005742522880477119
5.0	0.005742522880477119	0.005742522880477119	0.005742522880477119	0.005742522880477119
5.1	0.005742522880477119	0.005742522880477119	0.005742522880477119	0.005742522880477119
5.2	0.005742522880477119	0.005742522880477119	0.005742522880477119	0.005742522880477119
5.3	0.005742522880477119	0.005742522880477119	0.005742522880477119	0.005742522880477119
5.4	0.005742522880477119	0.005742522880477119	0.005742522880477119	0.005742522880477119
5.5	0.005742522880477119	0.005742522880477119	0.005742522880477119	0.005742522880477119
5.6	0.005742522880477119	0.005742522880477119	0.005742522880477119	0.005742522880477119
5.7	0.005742522880477119	0.005742522880477119	0.005742522880477119	0.005742522880477119
5.8	0.005057802510089399	0.005057802510089399	0.005057802510089399	0.005057802510089399
5.9	0.005057802510089397	0.005057802510089397	0.005057802510089397	0.005057802510089397
6.0	0.004744120840836158	0.004744120840836158	0.004744120840836158	0.004744120840836158
6.1	0.004525847287251225	0.004525847287251225	0.004525847287251225	0.004525847287251225
6.2	0.0037424684529377594	0.0037424684529377594	0.0037424684529377594	0.0037424684529377594
6.300000000000001	0.0036749283641276625	0.0036749283641276625	0.0036749283641276625	0.0036749283641276625
6.4	0.0036250933026473393	0.0036250933026473393	0.0036250933026473393	0.0036250933026473393
6.5	0.0035964874742504343	0.0035964874742504343	0.0035964874742504343	0.0035964874742504343
6.6	0.003358790001787114	0.003358790001787114	0.003358790001787114	0.003358790001787114
6.7	0.002842670471532287	0.002842670471532287	0.002842670471532287	0.002842670471532287
6.800000000000001	0.0024757595000544723	0.0024757595000544723	0.0024757595000544723	0.0024757595000544723
6.9	0.0023640854028261515	0.0023640854028261515	0.0023640854028261515	0.0023640854028261515
7.0	0.0020756371221833107	0.0020756371221833107	0.0020756371221833107	0.0020756371221833107
7.1	0.0019435960163336553	0.0019435960163336553	0.0019435960163336553	0.0019435960163336553
7.2	0.0014358364277532874	0.0014358364277532874	0.0014358364277532874	0.0014358364277532874
7.300000000000001	0.0012183391435987513	0.0012183391435987513	0.0012183391435987513	0.0012183391435987513
7.4	0.001007780709439761	0.001007780709439761	0.001007780709439761	0.001007780709439761
7.5	0.0009456923140061579	0.0009456923140061579	0.0009456923140061579	0.0009456923140061579
7.6	0.0007952686233178238	0.0007952686233178238	0.0007952686233178238	0.0007952686233178238
7.7	0.0007350994258808202	0.0007350994258808202	0.0007350994258808202	0.0007350994258808202
7.800000000000001	0.0005655971840009704	0.0005655971840009704	0.0005655971840009704	0.0005655971840009704
7.9	0.0004289550830030377	0.0004289550830030377	0.0004289550830030377	0.0004289550830030377
8.0	0.00033839958647592834	0.00033839958647592834	0.00033839958647592834	0.00033839958647592834
8.100000000000001	0.0001757210637284482	0.0001757210637284482	0.0001757210637284482	0.0001757210637284482
8.2	9.638748510093566e-05	9.638748510093566e-05	9.638748510093566e-05	9.638748510093566e-05
8.3	4.155363131866317e-05	4.155363131866317e-05	4.155363131866317e-05	4.155363131866317e-05
8.4	0.0	0.0	0.0	0.0
8.5	0.0	0.0	0.0	0.0
8.600000000000001	0.0	0.0	0.0	0.0
8.7	0.0	0.0	0.0	0.0
8.8	0.0	0.0	0.0	0.0
8.9	0.0	0.0	0.0	0.0
9.0	0.0	0.0	0.0	0.0
9.100000000000001	0.0	0.0	0.0	0.0
9.2	0.0	0.0	0.0	0.0
9.3	0.0	0.0	0.0	0.0
9.4	0.0	0.0	0.0	0.0
9.5	0.0	0.0	0.0	0.0
9.600000000000001	0.0	0.0	0.0	0.0
9.7	0.0	0.0	0.0	0.0
9.8	0.0	0.0	0.0	0.0
9.9	0.0	0.0	0.0	0.0
