4.0	0.002902421748388494	0.002902421748388494	0.002902421748388494	0.002902421748388494
4.1	0.002902421748388494	0.002902421748388494	0.002902421748388494	0.002902421748388494
4.2	0.002902421748388494	0.002902421748388494	0.002902421748388494	0.002902421748388494
4.3	0.0029024217483884936	0.0029024217483884936	0.0029024217483884936	0.0029024217483884936
4.4	0.002902421748388494	0.002902421748388494	0.002902421748388494	0.002902421748388494
4.5	0.002902421748388494	0.002902421748388494	0.002902421748388494	0.002902421748388494
4.6	0.002902421748388494	0.002902421748388494	0.002902421748388494	0.002902421748388494
4.7	0.0029024217483884936	0.0029024217483884936	0.0029024217483884936	0.0029024217483884936
4.8	0.002902421748388494	0.002902421748388494	0.002902421748388494	0.002902421748388494
4.9	0.002902421748388494	0.002902421748388494	0.002902421748388494	0.002902421748388494
5.0	0.002902421748388494	0.002902421748388494	0.002902421748388494	0.002902421748388494
5.1	0.0029024217483884936	0.0029024217483884936	0.0029024217483884936	0.0029024217483884936
5.2	0.002902421748388494	0.002902421748388494	0.002902421748388494	0.002902421748388494
5.3	0.002902421748388494	0.002902421748388494	0.002902421748388494	0.002902421748388494
5.4	0.002902421748388494	0.002902421748388494	0.002902421748388494	0.002902421748388494
5.5	0.0029024217483884936	0.0029024217483884936	0.0029024217483884936	0.0029024217483884936
5.6	0.002902421748388494	0.002902421748388494	0.002902421748388494	0.002902421748388494
5.7	0.002240548196367806	0.002240548196367806	0.002240548196367806	0.002240548196367806
5.8	0.002240548196367806	0.002240548196367806	0.002240548196367806	0.002240548196367806
5.9	0.0022405481963678055	0.0022405481963678055	0.0022405481963678055	0.0022405481963678055
6.0	0.002240548196367806	0.002240548196367806	0.002240548196367806	0.002240548196367806
6.1	0.0020768120938598855	0.0020768120938598855	0.0020768120938598855	0.0020768120938598855
6.2	0.0020768120938598855	0.0020768120938598855	0.0020768120938598855	0.0020768120938598855
6.300000000000001	0.0020768120938598846	0.0020768120938598846	0.0020768120938598846	0.0020768120938598846
6.4	0.0019355947044387212	0.0019355947044387212	0.0019355947044387212	0.0019355947044387212
6.5	0.0018122087561673495	0.0018122087561673495	0.0018122087561673495	0.0018122087561673495
6.6	0.0017060442270512629	0.0017060442270512629	0.0017060442270512629	0.0017060442270512629
6.7	0.0014970578741667197	0.0014970578741667197	0.0014970578741667197	0.0014970578741667197
6.800000000000001	0.0011555045775700767	0.0011555045775700767	0.0011555045775700767	0.0011555045775700767
6.9	0.001012438421745959	0.001012438421745959	0.001012438421745959	0.001012438421745959
7.0	0.0009218358877702105	0.0009218358877702105	0.0009218358877702105	0.0009218358877702105
7.1	0.0006722982436971979	0.0006722982436971979	0.0006722982436971979	0.0006722982436971979
7.2	0.0005201105165697996	0.0005201105165697996	0.0005201105165697996	0.0005201105165697996
7.300000000000001	0.00036016372091005945	0.00036016372091005945	0.00036016372091005945	0.00036016372091005945
7.4	0.0002177124390461849	0.0002177124390461849	0.0002177124390461849	0.0002177124390461849
7.5	0.0001430649501076385	0.0001430649501076385	0.0001430649501076385	0.0001430649501076385
7.6	3.815990286454486e-05	3.815990286454486e-05	3.815990286454486e-05	3.815990286454486e-05
7.7	0.0	0.0	0.0	0.0
7.800000000000001	0.0	0.0	0.0	0.0
7.9	0.0	0.0	0.0	0.0
8.0	0.0	0.0	0.0	0.0
8.100000000000001	0.0	0.0	0.0	0.0
8.2	0.0	0.0	0.0	0.0
8.3	0.0	0.0	0.0	0.0
8.4	0.0	0.0	0.0	0.0
8.5	0.0	0.0	0.0	0.0
8.600000000000001	0.0	0.0	0.0	0.0
8.7	0.0	0.0	0.0	0.0
8.8	0.0	0.0	0.0	0.0
8.9	0.0	0.0	0.0	0.0
9.0	0.0	0.0	0.0	0.0
9.100000000000001	0.0	0.0	0.0	0.0
9.2	0.0	0.0	0.0	0.0
9.3	0.0	0.0	0.0	0.0
9.4	0.0	0.0	0.0	0.0
9.5	0.0	0.0	0.0	0.0
9.600000000000001	0.0	0.0	0.0	0.0
9.7	0.0	0.0	0.0	0.0
9.8	0.0	0.0	0.0	0.0
9.9	0.0	0.0	0.0	0.0
