4.0	0.0028343358846983097	0.0028343358846983097	0.0028343358846983097	0.0028343358846983097
4.1	0.0028343358846983097	0.0028343358846983097	0.0028343358846983097	0.0028343358846983097
4.2	0.0028343358846983097	0.0028343358846983097	0.0028343358846983097	0.0028343358846983097
4.3	0.0028343358846983097	0.0028343358846983097	0.0028343358846983097	0.0028343358846983097
4.4	0.0028343358846983097	0.0028343358846983097	0.0028343358846983097	0.0028343358846983097
4.5	0.0028343358846983097	0.0028343358846983097	0.0028343358846983097	0.0028343358846983097
4.6	0.0028343358846983097	0.0028343358846983097	0.0028343358846983097	0.0028343358846983097
4.7	0.0028343358846983097	0.0028343358846983097	0.0028343358846983097	0.0028343358846983097
4.8	0.0028343358846983097	0.0028343358846983097	0.0028343358846983097	0.0028343358846983097
4.9	0.0028343358846983097	0.0028343358846983097	0.0028343358846983097	0.0028343358846983097
5.0	0.0028343358846983097	0.0028343358846983097	0.0028343358846983097	0.0028343358846983097
5.1	0.0028343358846983097	0.0028343358846983097	0.0028343358846983097	0.0028343358846983097
5.2	0.0028343358846983097	0.0028343358846983097	0.0028343358846983097	0.0028343358846983097
5.3	0.0028343358846983097	0.0028343358846983097	0.0028343358846983097	0.0028343358846983097
5.4	0.0028343358846983097	0.0028343358846983097	0.0028343358846983097	0.0028343358846983097
5.5	0.0028343358846983097	0.0028343358846983097	0.0028343358846983097	0.0028343358846983097
5.6	0.0028343358846983097	0.0028343358846983097	0.0028343358846983097	0.0028343358846983097
5.7	0.0028343358846983097	0.0028343358846983097	0.0028343358846983097	0.0028343358846983097
5.8	0.0017521888482820917	0.0017521888482820917	0.0017521888482820917	0.0017521888482820917
5.9	0.001752188848282092	0.001752188848282092	0.001752188848282092	0.001752188848282092
6.0	0.0017521888482820917	0.0017521888482820917	0.0017521888482820917	0.0017521888482820917
6.1	0.0017521888482820917	0.0017521888482820917	0.0017521888482820917	0.0017521888482820917
6.2	0.0017521888482820917	0.0017521888482820917	0.0017521888482820917	0.0017521888482820917
6.300000000000001	0.0013904092071052954	0.0013904092071052954	0.0013904092071052954	0.0013904092071052954
6.4	0.0007975177931272811	0.0007975177931272811	0.0007975177931272811	0.0007975177931272811
6.5	0.0006617211828815138	0.0006617211828815138	0.0006617211828815138	0.0006617211828815138
6.6	0.0006617211828815138	0.0006617211828815138	0.0006617211828815138	0.0006617211828815138
6.7	0.0006091297298712575	0.0006091297298712575	0.0006091297298712575	0.0006091297298712575
6.800000000000001	0.00045445309706916337	0.00045445309706916337	0.00045445309706916337	0.00045445309706916337
6.9	0.00042150539101085225	0.00042150539101085225	0.00042150539101085225	0.00042150539101085225
7.0	0.0002789745148264151	0.0002789745148264151	0.0002789745148264151	0.0002789745148264151
7.1	0.00018996085449612526	0.00018996085449612526	0.00018996085449612526	0.00018996085449612526
7.2	0.00015438076673132556	0.00015438076673132556	0.00015438076673132556	0.00015438076673132556
7.300000000000001	0.00015438076673132556	0.00015438076673132556	0.00015438076673132556	0.00015438076673132556
7.4	0.00011505640752619591	0.00011505640752619591	0.00011505640752619591	0.00011505640752619591
7.5	0.00010726385724168803	0.00010726385724168803	0.00010726385724168803	0.00010726385724168803
7.6	7.110433146247795e-05	7.110433146247795e-05	7.110433146247795e-05	7.110433146247795e-05
7.7	4.3649339572584144e-05	4.3649339572584144e-05	4.3649339572584144e-05	4.3649339572584144e-05
7.800000000000001	0.0	0.0	0.0	0.0
7.9	0.0	0.0	0.0	0.0
8.0	0.0	0.0	0.0	0.0
8.100000000000001	0.0	0.0	0.0	0.0
8.2	0.0	0.0	0.0	0.0
8.3	0.0	0.0	0.0	0.0
8.4	0.0	0.0	0.0	0.0
8.5	0.0	0.0	0.0	0.0
8.600000000000001	0.0	0.0	0.0	0.0
8.7	0.0	0.0	0.0	0.0
8.8	0.0	0.0	0.0	0.0
8.9	0.0	0.0	0.0	0.0
9.0	0.0	0.0	0.0	0.0
9.100000000000001	0.0	0.0	0.0	0.0
9.2	0.0	0.0	0.0	0.0
9.3	0.0	0.0	0.0	0.0
9.4	0.0	0.0	0.0	0.0
9.5	0.0	0.0	0.0	0.0
9.600000000000001	0.0	0.0	0.0	0.0
9.7	0.0	0.0	0.0	0.0
9.8	0.0	0.0	0.0	0.0
9.9	0.0	0.0	0.0	0.0
