4.0	0.0038327529869653736	0.0038327529869653736	0.0038327529869653736	0.0038327529869653736
4.1	0.0038327529869653736	0.0038327529869653736	0.0038327529869653736	0.0038327529869653736
4.2	0.0038327529869653736	0.0038327529869653736	0.0038327529869653736	0.0038327529869653736
4.3	0.0038327529869653736	0.0038327529869653736	0.0038327529869653736	0.0038327529869653736
4.4	0.0038327529869653736	0.0038327529869653736	0.0038327529869653736	0.0038327529869653736
4.5	0.0038327529869653736	0.0038327529869653736	0.0038327529869653736	0.0038327529869653736
4.6	0.0038327529869653736	0.0038327529869653736	0.0038327529869653736	0.0038327529869653736
4.7	0.0038327529869653736	0.0038327529869653736	0.0038327529869653736	0.0038327529869653736
4.8	0.0038327529869653736	0.0038327529869653736	0.0038327529869653736	0.0038327529869653736
4.9	0.0038327529869653736	0.0038327529869653736	0.0038327529869653736	0.0038327529869653736
5.0	0.0038327529869653736	0.0038327529869653736	0.0038327529869653736	0.0038327529869653736
5.1	0.0038327529869653736	0.0038327529869653736	0.0038327529869653736	0.0038327529869653736
5.2	0.0038327529869653736	0.0038327529869653736	0.0038327529869653736	0.0038327529869653736
5.3	0.0038327529869653736	0.0038327529869653736	0.0038327529869653736	0.0038327529869653736
5.4	0.0038327529869653736	0.0038327529869653736	0.0038327529869653736	0.0038327529869653736
5.5	0.0038327529869653736	0.0038327529869653736	0.0038327529869653736	0.0038327529869653736
5.6	0.00373631307095149	0.00373631307095149	0.00373631307095149	0.00373631307095149
5.7	0.00373631307095149	0.00373631307095149	0.00373631307095149	0.00373631307095149
5.8	0.003539522791027206	0.003539522791027206	0.003539522791027206	0.003539522791027206
5.9	0.0034833072203457327	0.0034833072203457327	0.0034833072203457327	0.0034833072203457327
6.0	0.003424476020626442	0.003424476020626442	0.003424476020626442	0.003424476020626442
6.1	0.003329394471013299	0.003329394471013299	0.003329394471013299	0.003329394471013299
6.2	0.002817929012906251	0.002817929012906251	0.002817929012906251	0.002817929012906251
6.300000000000001	0.002817929012906251	0.002817929012906251	0.002817929012906251	0.002817929012906251
6.4	0.002579737615418976	0.002579737615418976	0.002579737615418976	0.002579737615418976
6.5	0.0024826479491538477	0.0024826479491538477	0.0024826479491538477	0.0024826479491538477
6.6	0.002199880956539472	0.002199880956539472	0.002199880956539472	0.002199880956539472
6.7	0.0019200370482729328	0.0019200370482729328	0.0019200370482729328	0.0019200370482729328
6.800000000000001	0.0016180620156941747	0.0016180620156941747	0.0016180620156941747	0.0016180620156941747
6.9	0.0014506255926194714	0.0014506255926194714	0.0014506255926194714	0.0014506255926194714
7.0	0.0013077903728008545	0.0013077903728008545	0.0013077903728008545	0.0013077903728008545
7.1	0.001061270725905342	0.001061270725905342	0.001061270725905342	0.001061270725905342
7.2	0.0009593865996760885	0.0009593865996760885	0.0009593865996760885	0.0009593865996760885
7.300000000000001	0.0008479189870579194	0.0008479189870579194	0.0008479189870579194	0.0008479189870579194
7.4	0.0007290947229119791	0.0007290947229119791	0.0007290947229119791	0.0007290947229119791
7.5	0.0005537748657111301	0.0005537748657111301	0.0005537748657111301	0.0005537748657111301
7.6	0.0003633245334581265	0.0003633245334581265	0.0003633245334581265	0.0003633245334581265
7.7	0.00025510019219585517	0.00025510019219585517	0.00025510019219585517	0.00025510019219585517
7.800000000000001	0.00015027238257736246	0.00015027238257736246	0.00015027238257736246	0.00015027238257736246
7.9	8.4619593249404e-05	8.4619593249404e-05	8.4619593249404e-05	8.4619593249404e-05
8.0	4.0641808733802406e-05	4.0641808733802406e-05	4.0641808733802406e-05	4.0641808733802406e-05
8.100000000000001	1.0833662362990734e-05	1.0833662362990734e-05	1.0833662362990734e-05	1.0833662362990734e-05
8.2	0.0	0.0	0.0	0.0
8.3	0.0	0.0	0.0	0.0
8.4	0.0	0.0	0.0	0.0
8.5	0.0	0.0	0.0	0.0
8.600000000000001	0.0	0.0	0.0	0.0
8.7	0.0	0.0	0.0	0.0
8.8	0.0	0.0	0.0	0.0
8.9	0.0	0.0	0.0	0.0
9.0	0.0	0.0	0.0	0.0
9.100000000000001	0.0	0.0	0.0	0.0
9.2	0.0	0.0	0.0	0.0
9.3	0.0	0.0	0.0	0.0
9.4	0.0	0.0	0.0	0.0
9.5	0.0	0.0	0.0	0.0
9.600000000000001	0.0	0.0	0.0	0.0
9.7	0.0	0.0	0.0	0.0
9.8	0.0	0.0	0.0	0.0
9.9	0.0	0.0	0.0	0.0
